13 0.008
13.1 0.016
13.4 0.056
13.6 0.0008
13.9 0.0032
14 0.0064
14.1 0.0032
14.2 0.0392
14.3 0.0096
14.4 0.0376
14.5 0.0088
14.6 0.112
14.7 0.1048
14.8 0.0624
14.9 0.0528
15 0.0072
15.1 0.1808
15.2 0.236
15.3 0.0592
15.4 0.0168
15.5 0.1824
15.6 0.0792
15.7 0.0912
15.8 0.1544
15.9 0.1296
16 0.0784
16.1 0.1648
16.2 0.1768
16.3 0.132
16.4 0.1408
16.5 0.1696
16.6 0.1872
16.7 0.2264
16.8 0.2344
16.9 0.2416
17 0.2576
17.1 0.1728
17.2 0.3032
17.3 0.2752
17.4 0.2688
17.5 0.156
17.6 0.3344
17.7 0.3232
17.8 0.4304
17.9 0.288
18 0.34
18.1 0.408
18.2 0.3288
18.3 0.3968
18.4 0.4496
18.5 0.4384
18.6 0.5496
18.7 0.532
18.8 0.5792
18.9 0.5608
19 0.524
19.1 0.4528
19.2 0.5472
19.3 0.5872
19.4 0.6656
19.5 0.6376
19.6 0.8104
19.7 0.6008
19.8 0.6576
19.9 0.5984
20 0.8664
20.1 0.7496
20.2 0.7288
20.3 0.652
20.4 0.7584
20.5 0.744
20.6 0.7576
20.7 0.8112
20.8 0.7816
20.9 0.8872
21 0.9984
21.1 0.812
21.2 0.752
21.3 0.8256
21.4 0.8056
21.5 0.8696
21.6 0.864
21.7 0.952
21.8 0.9344
21.9 1.0512
22 0.952
22.1 0.94
22.2 1.016
22.3 1.0224
22.4 1.2472
22.5 0.9056
22.6 0.9544
22.7 0.9888
22.8 1.1728
22.9 1.24
23 1.0976
23.1 1.1976
23.2 1.0944
23.3 1.1392
23.4 1.0832
23.5 1.144
23.6 1.1584
23.7 1.3344
23.8 1.1504
23.9 1.1304
24 1.1296
24.1 1.2712
24.2 1.1656
24.3 1.1328
24.4 1.3272
24.5 1.2504
24.6 1.3968
24.7 1.276
24.8 1.3408
24.9 1.372
25 1.3008
25.1 1.3912
25.2 1.2192
25.3 1.4048
25.4 1.3696
25.5 1.3608
25.6 1.3392
25.7 1.328
25.8 1.38
25.9 1.312
26 1.292
26.1 1.4304
26.2 1.396
26.3 1.3592
26.4 1.5384
26.5 1.3592
26.6 1.3776
26.7 1.4864
26.8 1.3152
26.9 1.2192
27 1.5808
27.1 1.488
27.2 1.5416
27.3 1.4216
27.4 1.6672
27.5 1.512
27.6 1.4048
27.7 1.4608
27.8 1.4872
27.9 1.4792
28 1.5576
28.1 1.3528
28.2 1.4216
28.3 1.504
28.4 1.4784
28.5 1.3472
28.6 1.4408
28.7 1.596
28.8 1.4776
28.9 1.556
29 1.6888
29.1 1.5168
29.2 1.4808
29.3 1.4832
29.4 1.4944
29.5 1.5496
29.6 1.5144
29.7 1.708
29.8 1.6672
29.9 1.5272
30 1.5168
30.1 1.696
30.2 1.4672
30.3 1.6096
30.4 1.5832
30.5 1.7128
30.6 1.656
30.7 1.6184
30.8 1.5296
30.9 1.5784
31 1.5568
31.1 1.5672
31.2 1.5992
31.3 1.7896
31.4 1.5576
31.5 1.5424
31.6 1.6088
31.7 1.6184
31.8 1.5928
31.9 1.8008
32 1.6304
32.1 1.6928
32.2 1.6168
32.3 1.776
32.4 1.6256
32.5 1.6168
32.6 1.7208
32.7 1.6064
32.8 1.7136
32.9 1.7248
33 1.7416
33.1 1.728
33.2 1.612
33.3 1.684
33.4 1.624
33.5 1.5928
33.6 1.7136
33.7 1.7288
33.8 1.6064
33.9 1.7616
34 1.6576
34.1 1.7024
34.2 1.5192
34.3 1.6616
34.4 1.7512
34.5 1.7624
34.6 1.8024
34.7 1.6704
34.8 1.6688
34.9 1.6632
35 1.6336
35.1 1.7832
35.2 1.6368
35.3 1.8464
35.4 1.8936
35.5 1.7984
35.6 1.8488
35.7 1.7304
35.8 1.6872
35.9 1.7
36 1.8824
36.1 1.7432
36.2 1.8464
36.3 1.8672
36.4 1.7272
36.5 1.8408
36.6 1.8416
36.7 1.7608
36.8 1.8264
36.9 2.012
37 1.72
37.1 1.8664
37.2 1.7784
37.3 1.8384
37.4 1.7568
37.5 1.8904
37.6 1.892
37.7 1.7936
37.8 1.9936
37.9 1.948
38 1.916
38.1 1.872
38.2 1.8568
38.3 1.8952
38.4 1.96
38.5 2.0104
38.6 1.892
38.7 1.8648
38.8 1.6576
38.9 1.8544
39 1.8376
39.1 1.82
39.2 1.9
39.3 1.9096
39.4 1.7864
39.5 1.9168
39.6 1.9504
39.7 1.9544
39.8 2.0304
39.9 1.9152
40 1.896
40.1 1.9024
40.2 1.9984
40.3 1.92
40.4 1.9624
40.5 1.8904
40.6 2.0216
40.7 1.9912
40.8 2.1152
40.9 2.156
41 1.9872
41.1 1.8232
41.2 1.9992
41.3 2.0128
41.4 2.1056
41.5 1.9456
41.6 2.2168
41.7 1.944
41.8 1.9232
41.9 2.1024
42 2.016
42.1 1.9968
42.2 2.0648
42.3 1.9992
42.4 2.0872
42.5 2.1352
42.6 2.0288
42.7 2.0656
42.8 2.1528
42.9 2.1592
43 2.0728
43.1 1.9192
43.2 2.1528
43.3 2.1488
43.4 2.0376
43.5 2.1168
43.6 2.1424
43.7 2.1664
43.8 1.9536
43.9 2.168
44 1.8432
44.1 2.0544
44.2 2.0568
44.3 1.9792
44.4 2.104
44.5 2.1984
44.6 2.1056
44.7 2.0656
44.8 2.1688
44.9 2.1496
45 2.0144
45.1 2.1344
45.2 2.0536
45.3 2.1504
45.4 2.172
45.5 2.2464
45.6 2.0832
45.7 2.064
45.8 2.0816
45.9 2.1112
46 2.112
46.1 2.068
46.2 2.104
46.3 2.1616
46.4 2.104
46.5 2.0584
46.6 2.1256
46.7 2.1584
46.8 2.1608
46.9 2.1664
47 2.0008
47.1 2.1528
47.2 2.2528
47.3 2.184
47.4 2.124
47.5 2.1496
47.6 2.1096
47.7 2.2288
47.8 2.1832
47.9 2.1104
48 2.1336
48.1 2.308
48.2 2.2752
48.3 2.2032
48.4 2.2136
48.5 2.1856
48.6 2.1496
48.7 2.188
48.8 2.1864
48.9 2.2248
49 2.2592
49.1 2.1344
49.2 2.0856
49.3 2.236
49.4 2.2224
49.5 2.2496
49.6 2.244
49.7 2.312
49.8 2.1616
49.9 2.2048
50 2.3176
50.1 2.2144
50.2 2.0072
50.3 2.0944
50.4 2.1904
50.5 2.1784
50.6 2.2768
50.7 2.1976
50.8 2.1792
50.9 2.1904
51 2.068
51.1 2.1576
51.2 2.1536
51.3 2.244
51.4 2.3176
51.5 2.1304
51.6 2.1456
51.7 2.296
51.8 2.3056
51.9 2.2824
52 2.3088
52.1 2.312
52.2 2.1928
52.3 2.212
52.4 2.2472
52.5 2.28
52.6 2.1176
52.7 2.0832
52.8 2.1896
52.9 2.2392
53 2.1752
53.1 2.2712
53.2 2.2776
53.3 2.2808
53.4 2.2072
53.5 2.3616
53.6 2.2
53.7 2.18
53.8 2.324
53.9 2.2992
54 2.2288
54.1 2.3392
54.2 2.1888
54.3 2.2424
54.4 2.1856
54.5 2.184
54.6 2.3472
54.7 2.2248
54.8 2.3024
54.9 2.2432
55 2.2488
55.1 2.3224
55.2 2.224
55.3 2.2496
55.4 2.3376
55.5 2.3048
55.6 2.2888
55.7 2.2048
55.8 2.3992
55.9 2.2496
56 2.4552
56.1 2.3448
56.2 2.2144
56.3 2.2776
56.4 2.2672
56.5 2.2968
56.6 2.2744
56.7 2.34
56.8 2.2432
56.9 2.2104
57 2.3432
57.1 2.1872
57.2 2.2624
57.3 2.412
57.4 2.1592
57.5 2.424
57.6 2.3608
57.7 2.4368
57.8 2.332
57.9 2.236
58 2.2288
58.1 2.2304
58.2 2.2896
58.3 2.1832
58.4 2.2368
58.5 2.2144
58.6 2.2904
58.7 2.3488
58.8 2.2056
58.9 2.2152
59 2.3224
59.1 2.2392
59.2 2.188
59.3 2.16
59.4 2.3176
59.5 2.2208
59.6 2.3568
59.7 2.2576
59.8 2.2872
59.9 2.3336
60 2.524
60.1 2.3248
60.2 2.4432
60.3 2.2816
60.4 2.2912
60.5 2.2928
60.6 2.236
60.7 2.3496
60.8 2.2136
60.9 2.28
61 2.3352
61.1 2.2464
61.2 2.1656
61.3 2.2936
61.4 2.3528
61.5 2.4064
61.6 2.2776
61.7 2.3256
61.8 2.316
61.9 2.384
62 2.324
62.1 2.3528
62.2 2.1936
62.3 2.344
62.4 2.2672
62.5 2.3144
62.6 2.3432
62.7 2.3792
62.8 2.336
62.9 2.3664
63 2.3048
63.1 2.3792
63.2 2.2072
63.3 2.2856
63.4 2.3744
63.5 2.2168
63.6 2.364
63.7 2.4336
63.8 2.3552
63.9 2.2128
64 2.3024
64.1 2.2048
64.2 2.256
64.3 2.4464
64.4 2.5056
64.5 2.1336
64.6 2.4096
64.7 2.2792
64.8 2.3016
64.9 2.3584
65 2.4008
65.1 2.3832
65.2 2.2952
65.3 2.2488
65.4 2.3048
65.5 2.3296
65.6 2.3616
65.7 2.316
65.8 2.2744
65.9 2.2416
66 2.5528
66.1 2.3792
66.2 2.376
66.3 2.22
66.4 2.3712
66.5 2.3592
66.6 2.3088
66.7 2.332
66.8 2.2912
66.9 2.3576
67 2.3144
67.1 2.1472
67.2 2.304
67.3 2.2728
67.4 2.3888
67.5 2.3352
67.6 2.332
67.7 2.212
67.8 2.3672
67.9 2.2688
68 2.368
68.1 2.2488
68.2 2.2688
68.3 2.1296
68.4 2.4416
68.5 2.2992
68.6 2.1752
68.7 2.2792
68.8 2.384
68.9 2.2056
69 2.2272
69.1 2.404
69.2 2.2696
69.3 2.2848
69.4 2.1632
69.5 2.2032
69.6 2.1976
69.7 2.2648
69.8 2.2616
69.9 2.2584
70 2.368
70.1 2.2792
70.2 2.3048
70.3 2.3152
70.4 2.1624
70.5 2.2368
70.6 2.2984
70.7 2.236
70.8 2.2824
70.9 2.36
71 2.2664
71.1 2.2408
71.2 2.236
71.3 2.368
71.4 2.216
71.5 2.2296
71.6 2.4352
71.7 2.1824
71.8 2.3416
71.9 2.3904
72 2.308
72.1 2.272
72.2 2.268
72.3 2.3152
72.4 2.3736
72.5 2.3328
72.6 2.2864
72.7 2.2928
72.8 2.3704
72.9 2.2944
73 2.3512
73.1 2.2888
73.2 2.3496
73.3 2.2352
73.4 2.3792
73.5 2.404
73.6 2.2824
73.7 2.292
73.8 2.2608
73.9 2.296
74 2.276
74.1 2.428
74.2 2.3408
74.3 2.2848
74.4 2.3456
74.5 2.272
74.6 2.4552
74.7 2.2376
74.8 2.244
74.9 2.2416
75 2.2928
75.1 2.4456
75.2 2.372
75.3 2.2048
75.4 2.228
75.5 2.396
75.6 2.3424
75.7 2.3784
75.8 2.2912
75.9 2.3888
76 2.3872
76.1 2.276
76.2 2.3128
76.3 2.2944
76.4 2.3048
76.5 2.3328
76.6 2.3136
76.7 2.2456
76.8 2.432
76.9 2.248
77 2.2944
77.1 2.2528
77.2 2.2528
77.3 2.2008
77.4 2.3136
77.5 2.312
77.6 2.32
77.7 2.2304
77.8 2.3496
77.9 2.4456
78 2.324
78.1 2.3568
78.2 2.3512
78.3 2.3704
78.4 2.4632
78.5 2.3904
78.6 2.2912
78.7 2.2984
78.8 2.2632
78.9 2.18
79 2.3248
79.1 2.1832
79.2 2.2952
79.3 2.38
79.4 2.316
79.5 2.3
79.6 2.364
79.7 2.0456
79.8 2.18
79.9 2.2656
80 2.344
80.1 2.4104
80.2 2.32
80.3 2.4032
80.4 2.388
80.5 2.2152
80.6 2.1856
80.7 2.4256
80.8 2.2936
80.9 2.1816
81 2.4584
81.1 2.2432
81.2 2.3456
81.3 2.2856
81.4 2.3744
81.5 2.3168
81.6 2.3832
81.7 2.4392
81.8 2.4032
81.9 2.4392
82 2.2304
82.1 2.3256
82.2 2.4656
82.3 2.2656
82.4 2.4568
82.5 2.396
82.6 2.3312
82.7 2.352
82.8 2.4912
82.9 2.2864
83 2.4584
83.1 2.264
83.2 2.3336
83.3 2.336
83.4 2.4344
83.5 2.3912
83.6 2.2768
83.7 2.2952
83.8 2.4032
83.9 2.1664
84 2.2232
84.1 2.2984
84.2 2.2664
84.3 2.2344
84.4 2.324
84.5 2.3184
84.6 2.0856
84.7 2.3496
84.8 2.2808
84.9 2.3448
85 2.3904
85.1 2.2392
85.2 2.3408
85.3 2.4128
85.4 2.3744
85.5 2.228
85.6 2.4528
85.7 2.3576
85.8 2.3288
85.9 2.2904
86 2.3008
86.1 2.2312
86.2 2.1832
86.3 2.4736
86.4 2.2992
86.5 2.3112
86.6 2.3528
86.7 2.4136
86.8 2.2656
86.9 2.304
87 2.2392
87.1 2.3448
87.2 2.3408
87.3 2.3752
87.4 2.3344
87.5 2.4472
87.6 2.2824
87.7 2.3584
87.8 2.2584
87.9 2.2728
88 2.2184
88.1 2.1912
88.2 2.3576
88.3 2.388
88.4 2.2608
88.5 2.4112
88.6 2.4784
88.7 2.3792
88.8 2.4008
88.9 2.2992
89 2.2632
89.1 2.2512
89.2 2.2416
89.3 2.304
89.4 2.4008
89.5 2.2472
89.6 2.1784
89.7 2.1528
89.8 2.388
89.9 2.364
90 2.3544
90.1 2.2392
90.2 2.332
90.3 2.2824
90.4 2.2776
90.5 2.3416
90.6 2.26
90.7 2.3432
90.8 2.3352
90.9 2.336
91 2.3152
91.1 2.3896
91.2 2.3424
91.3 2.332
91.4 2.2624
91.5 2.1904
91.6 2.2288
91.7 2.42
91.8 2.1624
91.9 2.2544
92 2.3768
92.1 2.2408
92.2 2.256
92.3 2.3368
92.4 2.3416
92.5 2.3912
92.6 2.5424
92.7 2.3952
92.8 2.3576
92.9 2.3384
93 2.3168
93.1 2.3592
93.2 2.3272
93.3 2.3936
93.4 2.3648
93.5 2.3728
93.6 2.2936
93.7 2.352
93.8 2.3264
93.9 2.3464
94 2.3008
94.1 2.2456
94.2 2.2648
94.3 2.3984
94.4 2.0992
94.5 2.2768
94.6 2.3328
94.7 2.328
94.8 2.3008
94.9 2.4896
95 2.1456
95.1 2.4
95.2 2.3736
95.3 2.3248
95.4 2.2544
95.5 2.2048
95.6 2.4328
95.7 2.328
95.8 2.408
95.9 2.3224
96 2.4024
96.1 2.268
96.2 2.2584
96.3 2.2048
96.4 2.2056
96.5 2.3696
96.6 2.2064
96.7 2.368
96.8 2.308
96.9 2.2712
97 2.1816
97.1 2.3216
97.2 2.2248
97.3 2.1744
97.4 2.3248
97.5 2.2952
97.6 2.2192
97.7 2.3864
97.8 2.2848
97.9 2.312
98 2.2904
98.1 2.2144
98.2 2.2224
98.3 2.3336
98.4 2.2624
98.5 2.2608
98.6 2.3592
98.7 2.2704
98.8 2.2688
98.9 2.296
99 2.2304
99.1 2.276
99.2 2.2696
99.3 2.2192
99.4 2.2512
99.5 2.4096
99.6 2.4056
99.7 2.2768
99.8 2.3512
99.9 2.2712
100 2.3552
100.1 2.3512
100.2 2.2944
100.3 2.3712
100.4 2.224
100.5 2.352
100.6 2.2176
100.7 2.2896
100.8 2.3728
100.9 2.336
101 2.304
101.1 2.396
101.2 2.224
101.3 2.4888
101.4 2.2912
101.5 2.2088
101.6 2.336
101.7 2.3248
101.8 2.2888
101.9 2.4152
102 2.3072
102.1 2.1456
102.2 2.372
102.3 2.3704
102.4 2.544
102.5 2.2608
102.6 2.2016
102.7 2.3632
102.8 2.3672
102.9 2.3232
103 2.1792
103.1 2.3528
103.2 2.2648
103.3 2.352
103.4 2.4272
103.5 2.2384
103.6 2.3464
103.7 2.1952
103.8 2.276
103.9 2.244
104 2.2376
104.1 2.3616
104.2 2.2696
104.3 2.26
104.4 2.2496
104.5 2.3544
104.6 2.2112
104.7 2.248
104.8 2.4192
104.9 2.2216
105 2.2696
105.1 2.352
105.2 2.2384
105.3 2.2504
105.4 2.2064
105.5 2.2216
105.6 2.3992
105.7 2.2936
105.8 2.3024
105.9 2.3104
106 2.484
106.1 2.2304
106.2 2.3968
106.3 2.3248
106.4 2.2664
106.5 2.4144
106.6 2.4168
106.7 2.256
106.8 2.184
106.9 2.3952
107 2.2728
107.1 2.2632
107.2 2.3872
107.3 2.296
107.4 2.1416
107.5 2.4408
107.6 2.2576
107.7 2.3528
107.8 2.3768
107.9 2.288
108 2.3728
108.1 2.3576
108.2 2.3992
108.3 2.2736
108.4 2.2328
108.5 2.2904
108.6 2.2832
108.7 2.3416
108.8 2.296
108.9 2.4176
109 2.2264
109.1 2.3392
109.2 2.3232
109.3 2.2352
109.4 2.2976
109.5 2.2096
109.6 2.296
109.7 2.2544
109.8 2.3336
109.9 2.2456
110 2.3192
110.1 2.2656
110.2 2.2184
110.3 2.2088
110.4 2.252
110.5 2.1112
110.6 2.2616
110.7 2.344
110.8 2.2656
110.9 2.3824
111 2.3056
111.1 2.2736
111.2 2.2352
111.3 2.2512
111.4 2.4984
111.5 2.3
111.6 2.2264
111.7 2.3072
111.8 2.4424
111.9 2.304
112 2.2984
112.1 2.428
112.2 2.3216
112.3 2.3728
112.4 2.4088
112.5 2.1192
112.6 2.4112
112.7 2.4032
112.8 2.2512
112.9 2.4256
113 2.4128
113.1 2.208
113.2 2.3672
113.3 2.248
113.4 2.2504
113.5 2.3696
113.6 2.14
113.7 2.2424
113.8 2.3064
113.9 2.256
114 2.3744
114.1 2.3288
114.2 2.2928
114.3 2.3616
114.4 2.3312
114.5 2.2656
114.6 2.4496
114.7 2.376
114.8 2.4784
114.9 2.2712
115 2.208
115.1 2.2264
115.2 2.2616
115.3 2.3112
115.4 2.2528
115.5 2.1984
115.6 2.2392
115.7 2.2848
115.8 2.1784
115.9 2.316
116 2.316
116.1 2.284
116.2 2.3528
116.3 2.296
116.4 2.3544
116.5 2.4936
116.6 2.3336
116.7 2.416
116.8 2.4032
116.9 2.2784
117 2.304
117.1 2.2808
117.2 2.2016
117.3 2.4496
117.4 2.2984
117.5 2.364
117.6 2.3504
117.7 2.224
117.8 2.3888
117.9 2.3008
118 2.236
118.1 2.2624
118.2 2.2152
118.3 2.3096
118.4 2.3792
118.5 2.4472
118.6 2.3992
118.7 2.3
118.8 2.2808
118.9 2.3576
119 2.4064
119.1 2.2488
119.2 2.3616
119.3 2.3208
119.4 2.3872
119.5 2.3664
119.6 2.308
119.7 2.2608
119.8 2.2888
119.9 2.4456
120 2.3776
120.1 2.3088
120.2 2.2008
120.3 2.2608
120.4 2.3552
120.5 2.3112
120.6 2.3648
120.7 2.2144
120.8 2.232
120.9 2.3848
121 2.3696
121.1 2.3328
121.2 2.3728
121.3 2.2968
121.4 2.3728
121.5 2.48
121.6 2.4128
121.7 2.3984
121.8 2.3432
121.9 2.0928
122 2.404
122.1 2.408
122.2 2.1696
122.3 2.408
122.4 2.3448
122.5 2.2936
122.6 2.4264
122.7 2.3312
122.8 2.1696
122.9 2.3496
123 2.2768
123.1 2.3392
123.2 2.2488
123.3 2.296
123.4 2.3264
123.5 2.328
123.6 2.2592
123.7 2.2928
123.8 2.42
123.9 2.3144
124 2.3608
124.1 2.3576
124.2 2.2424
124.3 2.3824
124.4 2.3256
124.5 2.3232
124.6 2.3448
124.7 2.3152
124.8 2.3768
124.9 2.412
125 2.304
125.1 2.232
125.2 2.34
125.3 2.452
125.4 2.2768
125.5 2.2304
125.6 2.3112
125.7 2.356
125.8 2.3872
125.9 2.4048
126 2.384
126.1 2.3208
126.2 2.3048
126.3 2.264
126.4 2.2632
126.5 2.2784
126.6 2.3448
126.7 2.3848
126.8 2.308
126.9 2.34
127 2.312
127.1 2.3336
127.2 2.4456
127.3 2.1856
127.4 2.284
127.5 2.244
127.6 2.1728
127.7 2.3648
127.8 2.328
127.9 2.3768
128 2.336
128.1 2.3616
128.2 2.3768
128.3 2.2544
128.4 2.2096
128.5 2.3312
128.6 2.2784
128.7 2.3976
128.8 2.2672
128.9 2.3616
129 2.3176
129.1 2.3384
129.2 2.28
129.3 2.3584
129.4 2.2152
129.5 2.2736
129.6 2.4064
129.7 2.1992
129.8 2.2808
129.9 2.28
130 2.4776
130.1 2.2496
130.2 2.4
130.3 2.3584
130.4 2.156
130.5 2.3488
130.6 2.1784
130.7 2.4104
130.8 2.2264
130.9 2.3992
131 2.2304
131.1 2.292
131.2 2.42
131.3 2.308
131.4 2.2072
131.5 2.4912
131.6 2.2712
131.7 2.1776
131.8 2.3304
131.9 2.404
132 2.2688
132.1 2.1928
132.2 2.3192
132.3 2.356
132.4 2.4448
132.5 2.1128
132.6 2.2864
132.7 2.2728
132.8 2.1704
132.9 2.3048
133 2.3592
133.1 2.268
133.2 2.3416
133.3 2.488
133.4 2.3256
133.5 2.2048
133.6 2.392
133.7 2.332
133.8 2.2584
133.9 2.464
134 2.2768
134.1 2.3304
134.2 2.3856
134.3 2.3896
134.4 2.3848
134.5 2.228
134.6 2.4248
134.7 2.224
134.8 2.2072
134.9 2.304
135 2.3024
135.1 2.332
135.2 2.3392
135.3 2.328
135.4 2.2904
135.5 2.2848
135.6 2.3104
135.7 2.2232
135.8 2.3024
135.9 2.288
136 2.3744
136.1 2.2768
136.2 2.364
136.3 2.352
136.4 2.3992
136.5 2.3672
136.6 2.4216
136.7 2.2224
136.8 2.3224
136.9 2.424
137 2.248
137.1 2.344
137.2 2.3912
137.3 2.428
137.4 2.4648
137.5 2.3
137.6 2.2272
137.7 2.448
137.8 2.3816
137.9 2.3016
138 2.3624
138.1 2.376
138.2 2.3384
138.3 2.264
138.4 2.2784
138.5 2.536
138.6 2.3896
138.7 2.4616
138.8 2.3064
138.9 2.3744
139 2.356
139.1 2.292
139.2 2.1968
139.3 2.2736
139.4 2.2656
139.5 2.3464
139.6 2.2816
139.7 2.304
139.8 2.1976
139.9 2.2176
140 2.2448
140.1 2.216
140.2 2.3696
140.3 2.3888
140.4 2.2672
140.5 2.3384
140.6 2.4056
140.7 2.2688
140.8 2.3296
140.9 2.3648
141 2.5224
141.1 2.4168
141.2 2.2976
141.3 2.2392
141.4 2.2272
141.5 2.3176
141.6 2.4504
141.7 2.4632
141.8 2.4448
141.9 2.308
142 2.36
142.1 2.3432
142.2 2.2648
142.3 2.3656
142.4 2.3152
142.5 2.3448
142.6 2.328
142.7 2.2552
142.8 2.3432
142.9 2.4296
143 2.3904
143.1 2.324
143.2 2.216
143.3 2.4832
143.4 2.2344
143.5 2.3752
143.6 2.3984
143.7 2.316
143.8 2.2768
143.9 2.3456
144 2.308
144.1 2.2656
144.2 2.4328
144.3 2.344
144.4 2.3536
144.5 2.424
144.6 2.3152
144.7 2.408
144.8 2.396
144.9 2.5264
145 2.2368
145.1 2.304
145.2 2.2008
145.3 2.4248
145.4 2.3848
145.5 2.2936
145.6 2.2752
145.7 2.184
145.8 2.388
145.9 2.28
146 2.3808
146.1 2.34
146.2 2.3216
146.3 2.304
146.4 2.228
146.5 2.3384
146.6 2.3768
146.7 2.2624
146.8 2.512
146.9 2.3072
147 2.3792
147.1 2.3336
147.2 2.3424
147.3 2.4768
147.4 2.2856
147.5 2.2296
147.6 2.352
147.7 2.4104
147.8 2.2944
147.9 2.3344
148 2.2096
148.1 2.3376
148.2 2.3488
148.3 2.3216
148.4 2.256
148.5 2.3544
148.6 2.2296
148.7 2.296
148.8 2.3232
148.9 2.3056
149 2.4056
149.1 2.4824
149.2 2.4688
149.3 2.2672
149.4 2.2912
149.5 2.3408
149.6 2.3696
149.7 2.3392
149.8 2.2656
149.9 2.3048
150 2.4224
150.1 2.3
150.2 2.2736
150.3 2.3336
150.4 2.292
150.5 2.3024
150.6 2.4184
150.7 2.3592
150.8 2.3624
150.9 2.4152
151 2.2344
151.1 2.5672
151.2 2.3768
151.3 2.4192
151.4 2.3864
151.5 2.4768
151.6 2.4192
151.7 2.4016
151.8 2.3288
151.9 2.2144
152 2.344
152.1 2.372
152.2 2.2776
152.3 2.3624
152.4 2.1808
152.5 2.3944
152.6 2.3032
152.7 2.2528
152.8 2.3992
152.9 2.284
153 2.3904
153.1 2.2768
153.2 2.336
153.3 2.272
153.4 2.3528
153.5 2.2536
153.6 2.2992
153.7 2.2872
153.8 2.2984
153.9 2.236
154 2.3456
154.1 2.1792
154.2 2.28
154.3 2.3328
154.4 2.3824
154.5 2.28
154.6 2.3856
154.7 2.4328
154.8 2.28
154.9 2.3536
155 2.408
155.1 2.5176
155.2 2.3752
155.3 2.2408
155.4 2.4248
155.5 2.2472
155.6 2.348
155.7 2.4176
155.8 2.3168
155.9 2.3376
156 2.3152
156.1 2.3688
156.2 2.3296
156.3 2.3464
156.4 2.4248
156.5 2.3664
156.6 2.3488
156.7 2.404
156.8 2.5288
156.9 2.3496
157 2.3224
157.1 2.2744
157.2 2.2976
157.3 2.4
157.4 2.3432
157.5 2.236
157.6 2.3624
157.7 2.4008
157.8 2.308
157.9 2.16
158 2.2064
158.1 2.2576
158.2 2.24
158.3 2.2968
158.4 2.3472
158.5 2.3552
158.6 2.304
158.7 2.4456
158.8 2.3536
158.9 2.4568
159 2.3936
159.1 2.3624
159.2 2.224
159.3 2.2304
159.4 2.3816
159.5 2.3424
159.6 2.4616
159.7 2.3896
159.8 2.3176
159.9 2.3488
160 2.292
160.1 2.3168
160.2 2.3504
160.3 2.248
160.4 2.256
160.5 2.3432
160.6 2.3952
160.7 2.312
160.8 2.3336
160.9 2.3448
161 2.3104
161.1 2.4376
161.2 2.2464
161.3 2.2624
161.4 2.3112
161.5 2.3512
161.6 2.256
161.7 2.3176
161.8 2.4072
161.9 2.3264
162 2.4104
162.1 2.3968
162.2 2.3496
162.3 2.5
162.4 2.2648
162.5 2.328
162.6 2.3032
162.7 2.3016
162.8 2.3328
162.9 2.3416
163 2.1952
163.1 2.3632
163.2 2.3912
163.3 2.2376
163.4 2.3744
163.5 2.344
163.6 2.3208
163.7 2.3016
163.8 2.2768
163.9 2.2976
164 2.3624
164.1 2.2824
164.2 2.276
164.3 2.2536
164.4 2.324
164.5 2.3344
164.6 2.2976
164.7 2.4208
164.8 2.2592
164.9 2.2984
165 2.3656
165.1 2.3152
165.2 2.3112
165.3 2.2952
165.4 2.1944
165.5 2.2608
165.6 2.336
165.7 2.3152
165.8 2.38
165.9 2.348
166 2.3176
166.1 2.3416
166.2 2.2608
166.3 2.3448
166.4 2.3544
166.5 2.3472
166.6 2.2768
166.7 2.4008
166.8 2.1688
166.9 2.3056
167 2.4
167.1 2.3504
167.2 2.3816
167.3 2.272
167.4 2.3392
167.5 2.3264
167.6 2.3808
167.7 2.2592
167.8 2.332
167.9 2.432
168 2.3528
168.1 2.2576
168.2 2.2304
168.3 2.1824
168.4 2.3664
168.5 2.3472
168.6 2.4096
168.7 2.3792
168.8 2.3192
168.9 2.2944
169 2.3776
169.1 2.2984
169.2 2.3144
169.3 2.3392
169.4 2.3232
169.5 2.3848
169.6 2.2112
169.7 2.2696
169.8 2.2864
169.9 2.1632
170 2.3136
170.1 2.416
170.2 2.2824
170.3 2.244
170.4 2.2824
170.5 2.3128
170.6 2.2216
170.7 2.2816
170.8 2.4224
170.9 2.2656
171 2.304
171.1 2.312
171.2 2.4288
171.3 2.168
171.4 2.3576
171.5 2.3888
171.6 2.2904
171.7 2.432
171.8 2.3472
171.9 2.2152
172 2.288
172.1 2.2504
172.2 2.3072
172.3 2.3368
172.4 2.4176
172.5 2.1992
172.6 2.3232
172.7 2.348
172.8 2.3424
172.9 2.2872
173 2.3608
173.1 2.2704
173.2 2.2432
173.3 2.2816
173.4 2.2752
173.5 2.3432
173.6 2.4016
173.7 2.388
173.8 2.3592
173.9 2.3736
174 2.3056
174.1 2.2856
174.2 2.2896
174.3 2.3896
174.4 2.3976
174.5 2.1824
174.6 2.244
174.7 2.268
174.8 2.3696
174.9 2.3056
175 2.2384
175.1 2.2848
175.2 2.2912
175.3 2.2912
175.4 2.2704
175.5 2.2184
175.6 2.3576
175.7 2.404
175.8 2.4448
175.9 2.296
176 2.2976
176.1 2.4064
176.2 2.1736
176.3 2.3616
176.4 2.5504
176.5 2.3824
176.6 2.4024
176.7 2.4096
176.8 2.34
176.9 2.4112
177 2.3496
177.1 2.3408
177.2 2.264
177.3 2.3448
177.4 2.3448
177.5 2.36
177.6 2.3872
177.7 2.332
177.8 2.2424
177.9 2.2848
178 2.196
178.1 2.36
178.2 2.312
178.3 2.3912
178.4 2.3104
178.5 2.3256
178.6 2.3376
178.7 2.264
178.8 2.376
178.9 2.3432
179 2.384
179.1 2.3128
179.2 2.4016
179.3 2.2984
179.4 2.3664
179.5 2.3968
179.6 2.316
179.7 2.28
179.8 2.2824
179.9 2.3744
180 2.2592
180.1 2.3432
180.2 2.3408
180.3 2.3624
180.4 2.3224
180.5 2.3272
180.6 2.2664
180.7 2.3072
180.8 2.368
180.9 2.2256
181 2.3656
181.1 2.4096
181.2 2.2408
181.3 2.2832
181.4 2.4344
181.5 2.184
181.6 2.384
181.7 2.4224
181.8 2.3968
181.9 2.3192
182 2.384
182.1 2.3728
182.2 2.3176
182.3 2.3792
182.4 2.1304
182.5 2.3112
182.6 2.5368
182.7 2.2712
182.8 2.2824
182.9 2.2408
183 2.4984
183.1 2.2536
183.2 2.3216
183.3 2.284
183.4 2.2736
183.5 2.2224
183.6 2.3456
183.7 2.344
183.8 2.2816
183.9 2.3776
184 2.4264
184.1 2.248
184.2 2.504
184.3 2.2712
184.4 2.2144
184.5 2.3216
184.6 2.2768
184.7 2.36
184.8 2.1888
184.9 2.3408
185 2.2328
185.1 2.4544
185.2 2.3392
185.3 2.2864
185.4 2.3232
185.5 2.288
185.6 2.284
185.7 2.3096
185.8 2.3216
185.9 2.2128
186 2.3296
186.1 2.3648
186.2 2.228
186.3 2.2568
186.4 2.4168
186.5 2.3208
186.6 2.2824
186.7 2.4424
186.8 2.3432
186.9 2.2552
187 2.3344
187.1 2.3704
187.2 2.24
187.3 2.4632
187.4 2.2696
187.5 2.1776
187.6 2.2696
187.7 2.2944
187.8 2.2512
187.9 2.3112
188 2.3568
188.1 2.2128
188.2 2.4264
188.3 2.3256
188.4 2.3256
188.5 2.288
188.6 2.516
188.7 2.2784
188.8 2.1448
188.9 2.3256
189 2.4112
189.1 2.3456
189.2 2.2632
189.3 2.2768
189.4 2.2848
189.5 2.2432
189.6 2.4576
189.7 2.3632
189.8 2.4056
189.9 2.3736
190 2.3992
190.1 2.3656
190.2 2.4088
190.3 2.3232
190.4 2.168
190.5 2.4616
190.6 2.4352
190.7 2.2424
190.8 2.18
190.9 2.3184
191 2.4424
191.1 2.1072
191.2 2.2248
191.3 2.3144
191.4 2.5128
191.5 2.2688
191.6 2.3296
191.7 2.3416
191.8 2.272
191.9 2.2432
192 2.2536
192.1 2.3968
192.2 2.416
192.3 2.2816
192.4 2.2864
192.5 2.3648
192.6 2.2624
192.7 2.1888
192.8 2.3112
192.9 2.1808
193 2.3328
193.1 2.4072
193.2 2.3616
193.3 2.4384
193.4 2.4096
193.5 2.4392
193.6 2.5344
193.7 2.3056
193.8 2.2456
193.9 2.1784
194 2.4152
194.1 2.2392
194.2 2.5
194.3 2.4384
194.4 2.3448
194.5 2.3216
194.6 2.216
194.7 2.3408
194.8 2.296
194.9 2.3992
195 2.412
195.1 2.3816
195.2 2.2672
195.3 2.3032
195.4 2.1648
195.5 2.2816
195.6 2.1448
195.7 2.3752
195.8 2.2224
195.9 2.2072
196 2.3896
196.1 2.312
196.2 2.292
196.3 2.2584
196.4 2.3224
196.5 2.2376
196.6 2.3288
196.7 2.5392
196.8 2.316
196.9 2.4056
197 2.2512
197.1 2.3552
197.2 2.4104
197.3 2.2592
197.4 2.5208
197.5 2.3816
197.6 2.0968
197.7 2.5088
197.8 2.1688
197.9 2.424
198 2.4408
198.1 2.5128
198.2 2.324
198.3 2.024
198.4 2.4656
198.5 2.4552
198.6 2.3376
198.7 2.4408
198.8 2.476
198.9 2.4752
199 2.4832
199.1 2.2488
199.2 2.0664
199.3 2.452
199.4 2.364
199.5 2.3112
199.6 2.2856
199.7 2.3848
199.8 2.2336
199.9 2.3808
200 1.192
