3801327.11084365
80
-4.363248855377035 0.4152752070287744  39.90872002893169 0 2.42 59.07 10 0
-6.284037280551548  2.847439743156211   41.8574836100055 0 3.28 147.17 26 0
-1.099376718749369 0.6792250147989121  44.14642261107731 0 2.39 57.05 10 0
1.587889783880694 3.058915966837038 44.94479264848495 0 2.9 102.14 7 0
0.321101447229589 4.874114095211612   48.819745559795 0 3.01 114.1 3 0
4.618765690733819 5.454481971613167 48.65845024632811 0 2.39 57.05 10 0
7.100780828182001 6.523135725184968  50.8132432787224 0 2.85 97.12 27 0
3.374237010854765  6.68161763382777 52.59884812363436 0 3.54 186.21 29 0
2.848815485447081 2.649364995614217 52.64217112281631 0 3.01 114.08 4 0
 4.738727463483976 0.6783096886573388  49.16712253435171 0 3.13 128.11 9 0
 1.777272043616395 -3.058885125989412  46.68615221741634 0 3.01 114.08 4 0
 3.886708618414838 -4.974255622872436   43.6570600767622 0 3.01 114.08 4 0
  1.10419479640008 -8.473596377248089  43.26141236090572 0 3.15 131.2 24 0
-2.571643835127629 -3.511685644501156  45.29307922218473 0 3.13 128.13 8 0
-1.216702532893694 -1.650607174972686  40.72820353956661 0 2.9 102.14 7 0
0.6898971320374674  -6.34282225385166  38.10774492107534 0 3.21 138.15 17 0
 -3.55333650999676 -7.998845484213118  40.25082525545671 0 3.01 114.1 3 0
-6.450253814850677 -2.777736811553502  38.41716897438425 0 3.21 138.15 17 0
-3.263581934511022 -3.387352051797998  35.50583636097262 0 2.9 102.14 7 0
-2.853942431661874 -8.628753817052395  35.21795962885692 0 3.14 129.18 23 0
-8.179222585266114 -7.218240278157788  35.74525730780478 0 2.75 87.08 28 0
-7.949946629237221 -4.418052278649143  32.45381785015182 0 3 113.16 21 0
 -8.66760743059705 -8.105015591821232   28.1888319766096 0 3.14 129.18 23 0
-4.934007988303618 -5.689215903564232  26.92209559096199 0 2.39 57.05 10 0
-4.344837910509867 -2.800593769560026  30.00101127450603 0 3.39 163.17 30 0
 1.640265519117049 -6.389028372639775  30.26385730564979 0 3.14 129.18 23 0
0.9206861770602597 -3.952395034791162  33.35659630973174 0 2.39 57.05 10 0
 2.522492137605373 -2.102172986247349  36.10899272664637 0 2.39 57.05 10 0
4.350425165797003 2.073600147043178 35.58321179913453 0 3.39 163.17 30 0
4.586507418230343  2.91663890874982  40.8341633144645 0 2.9 102.14 7 0
4.048464174863728 6.936137426614119 38.95317630410153 0 2.57 71.08 1 0
4.105170240690623 11.22355987661501 39.20694619460626 0 3.14 129.18 23 0
7.342069377417641 8.890123251916354 42.83694640082813 0 2.39 57.05 10 0
5.547651321706924 6.351193043528873 43.65986027133761 0 2.39 57.05 10 0
4.088726833705518 9.308243726725278   45.478757628342 0 3.28 147.17 26 0
0.9388054604439438  7.713800381464512  40.93163757703221 0 2.87 99.13 31 0
-0.6846999519863983   3.732326994355057    40.0466743893523 0 2.9 102.14 7 0
0.1578028319700262  4.929983492012573  35.44483856300599 0 3.14 129.18 23 0
-2.391956695492166 0.6761299759916133  34.04319038448475 0 2.9 102.14 7 0
 1.562230996764059 -1.068593033369424  30.88436871889241 0 3.5 179.17 30 0
  2.530560144667214 -0.4705965402500429  -43.54873644487254 0 2.42 59.07 10 0
 2.756518493967206 -3.507228452744882 -45.58106059529726 0 3.28 147.17 26 0
 1.608586090319752  -4.01857175148433 -39.64457331513819 0 2.39 57.05 10 0
 -1.51001505535824 -5.665687253627659 -38.60387046764758 0 2.9 102.14 7 0
-0.6581986405059421  -10.01926208609912  -39.08941343532324 0 3.01 114.1 3 0
-3.909733489646769 -9.823143451862839 -36.22204188525721 0 2.39 57.05 10 0
-5.553911948760851 -12.02042178331156 -34.12104256856738 0 2.85 97.12 27 0
-2.648736171000948 -13.94324572560563 -36.34889619644733 0 3.54 186.21 29 0
0.4663558882019707 -12.04432648980695 -34.55242376453954 0 3.01 114.08 4 0
-0.5542401328816524  -7.911891637645264  -33.36324129141455 0 3.13 128.11 9 0
 3.121282375272349 -4.160429910498491 -34.50741182145204 0 3.01 114.08 4 0
  2.065376917793139 -0.4248904186310276  -33.01591111090437 0 3.01 114.08 4 0
 6.143754702309794  1.414489563876419 -33.37343303570329 0 3.15 131.2 24 0
 5.810444420521343 -3.074359021182095 -38.06375931822055 0 3.13 128.13 8 0
  2.160579688443811 0.08135433972385053  -39.75418223019741 0 2.9 102.14 7 0
 3.270179031693289  4.808500528138337 -36.76391698931681 0 3.21 138.15 17 0
 7.87041376808687  3.42466780327319 -38.2682724525203 0 3.01 114.1 3 0
 5.587436208908099  2.224661111426554 -43.95706831841402 0 3.21 138.15 17 0
 2.974540041631018   5.30286214068174 -42.31395601472902 0 2.9 102.14 7 0
  6.19884532894705  8.156550968133967 -39.28356239503862 0 3.14 129.18 23 0
 8.878123923549211  6.584609787736902 -43.86359155846963 0 2.75 87.08 28 0
 5.736291073793399  8.085267726726213 -46.43343709747457 0 3 113.16 21 0
  7.33102004449853  13.53817521614599 -46.57999569266253 0 3.14 129.18 23 0
 2.829979687169836  13.74837877766046 -45.54224612536555 0 2.39 57.05 10 0
 1.477117968701714  9.706178227716261 -45.50535595412349 0 3.39 163.17 30 0
 0.116056832092795  11.71325831361208 -38.95657315796868 0 3.14 129.18 23 0
-0.06988148132802152    7.776999005027776    -39.6575015417467 0 2.39 57.05 10 0
-1.479377640304706  4.607891412360988 -38.41860378812387 0 2.39 57.05 10 0
-5.699625347231978  3.160536259455906 -39.49076905221994 0 3.39 163.17 30 0
-4.712366399439436 -1.790957340655888 -37.80347183535045 0 2.9 102.14 7 0
-7.726636095048597 -2.173295248051096 -41.08249103729193 0 2.57 71.08 1 0
-10.61352286882643 -4.492384351110426 -43.25902876668191 0 3.14 129.18 23 0
-9.939904598268786 -6.240896291707505 -38.20054199501191 0 2.39 57.05 10 0
-6.764029503710109  -5.85174759897755 -37.87547172767196 0 2.39 57.05 10 0
-7.240721631269903 -8.996556470982117 -39.89139304907413 0 3.28 147.17 26 0
-5.584097822169857  -4.51831055584897 -43.10720804355315 0 2.87 99.13 31 0
-2.091569221633266 -1.925857824120357 -42.51349699583147 0 2.9 102.14 7 0
-4.965621111467874  1.546752918394195  -44.2460919760593 0 3.14 129.18 23 0
-0.8519517042945779   4.647731030471958  -44.39715407223544 0 2.9 102.14 7 0
 -3.26967188141705  8.558446727183616 -41.65512108836601 0 3.5 179.17 30 0
2
0 39 0 40 -4.440892098500626e-16                      0                     40
40 79 1 40 8.881784197001252e-16                     0                   -40
randomstate
1339167484 720757518 2800161476 2376097373 1532957371 3902664099 1238982754 3725394514 3449176889 3570962471 4287636090 4087307012 3603343627 202242161 2995682783 1620962684 3704723357 371613603 2814834333 2111005706 624778151 2094172212 4284947003 1211977835 991917094 1570449747 2962370480 1259410321 170182696 146300961 2836829791 619452428 2723670296 1881399711 1161269684 1675188680 4132175277 780088327 3409462821 1036518241 1834958505 3048448173 161811569 618488316 44795092 3918322701 1924681712 3239478144 383254043 4042306580 2146983041 3992780527 3518029708 3545545436 3901231469 1896136409 2028528556 2339662006 501326714 2060962201 2502746480 561575027 581893337 3393774360 1778912547 3626131687 2175155826 319853231 986875531 819755096 2915734330 2688355739 3482074849 2736559 2296975761 1029741190 2876812646 690154749 579200347 4027461746 1285330465 2701024045 4117700889 759495121 3332270341 2313004527 2277067795 4131855432 2722057515 1264804546 3848622725 2211267957 4100593547 959123777 2130745407 3194437393 486673947 1377371204 17472727 352317554 3955548058 159652094 1232063192 3835177280 49423123 3083993636 733092 2120519771 2573409834 1112952433 3239502554 761045320 1087580692 2540165110 641058802 1792435497 2261799288 1579184083 627146892 2165744623 2200142389 2167590760 2381418376 1793358889 3081659520 1663384067 2009658756 2689600308 739136266 2304581039 3529067263 591360555 525209271 3131882996 294230224 2076220115 3113580446 1245621585 1386885462 3203270426 123512128 12350217 354956375 4282398238 3356876605 3888857667 157639694 2616064085 1563068963 2762125883 4045394511 4180452559 3294769488 1684529556 1002945951 3181438866 22506664 691783457 2685221343 171579916 3878728600 2475806724 2030324028 3331164912 1708711359 1970023127 2859691344 2588476477 2748146879 136111222 2967685492 909517429 2835297809 3206906216 3186870716 341264097 2542035121 3353277068 548223577 3170936588 1678403446 297435620 2337555430 466603495 1132321815 1208589219 696392160 894244439 2562678859 470224582 3306867480 201364898 2075966438 1767227936 2929737987 3674877796 2654196643 3692734598 3528895099 2796780123 3048728353 842329300 191554730 2922459673 3489020079 3979110629 1022523848 2202932467 3583655201 3565113719 587085778 4176046313 3013713762 950944241 396426791 3784844662 3477431613 3594592395 2782043838 3392093507 3106564952 2829419931 1358665591 2206918825 3170783123 31522386 2988194168 1782249537 1105080928 843500134 1225290080 1521001832 3605886097 2802786495 2728923319 3996284304 903417639 1171249804 1020374987 2824535874 423621996 1988534473 2493544470 1008604435 1756003503 1488867287 1386808992 732088248 1780630732 2482101014 976561178 1543448953 2602866064 2021139923 1952599828 2360242564 2117959962 2753061860 2388623612 4138193781 2962920654 2284970429 766920861 3457264692 2879611383 815055854 2332929068 1254853997 3740375268 3799380844 4091048725 2006331129 1982546212 686850534 1907447564 2682801776 2780821066 998290361 1342433871 4195430425 607905174 3902331779 2454067926 1708133115 1170874362 2008609376 3260320415 2211196135 433538229 2728786374 2189520818 262554063 1182318347 3710237267 1221022450 715966018 2417068910 2591870721 2870691989 3418190842 4238214053 1540704231 1575580968 2095917976 4078310857 2313532447 2110690783 4056346629 4061784526 1123218514 551538993 597148360 4120175196 3581618160 3181170517 422862282 3227524138 1713114790 662317149 1230418732 928171837 1324564878 1928816105 1786535431 2878099422 3290185549 539474248 1657512683 552370646 1671741683 3655312128 1552739510 2605208763 1441755014 181878989 3124053868 1447103986 3183906156 1728556020 3502241336 3055466967 1013272474 818402132 1715099063 2900113506 397254517 4194863039 1009068739 232864647 2540223708 2608288560 2415367765 478404847 3455100648 3182600021 2115988978 434269567 4117179324 3461774077 887256537 3545801025 286388911 3451742129 1981164769 786667016 3310123729 3097811076 2224235657 2959658883 3370969234 2514770915 3345656436 2677010851 2206236470 271648054 2342188545 4292848611 3646533909 3754009956 3803931226 4160647125 1477814055 4043852216 1876372354 3133294443 3871104810 3177020907 2074304428 3479393793 759562891 164128153 1839069216 2114162633 3989947309 3611054956 1333547922 835429831 494987340 171987910 1252001001 370809172 3508925425 2535703112 1276855041 1922855120 835673414 3030664304 613287117 171219893 3423096126 3376881639 2287770315 1658692645 1262815245 3957234326 1168096164 2968737525 2655813712 2132313144 3976047964 326516571 353088456 3679188938 3205649712 2654036126 1249024881 880166166 691800469 2229503665 1673458056 4032208375 1851778863 2563757330 376742205 1794655231 340247333 1505873033 396524441 879666767 3335579166 3260764261 3335999539 506221798 4214658741 975887814 2080536343 3360539560 571586418 138896374 4234352651 2737620262 3928362291 1516365296 38056726 3599462320 3585007266 3850961033 471667319 1536883193 2310166751 1861637689 2530999841 4139843801 2710569485 827578615 2012334720 2907369459 3029312804 2820112398 1965028045 35518606 2478379033 643747771 1924139484 4123405127 3811735531 3429660832 3285177704 1948416081 1311525291 1183517742 1739192232 3979815115 2567840007 4116821529 213304419 4125718577 1473064925 2442436592 1893310111 4195361916 3747569474 828465101 2991227658 750582866 1205170309 1409813056 678418130 1171531016 3821236156 354504587 4202874632 3882511497 1893248677 1903078632 26340130 2069166240 3657122492 3725758099 831344905 811453383 3447711422 2434543565 4166886888 3358210805 4142984013 2988152326 3527824853 982082992 2809155763 190157081 3340214818 2365432395 2548636180 2894533366 3474657421 2372634704 2845748389 43024175 2774226648 1987702864 3186502468 453610222 4204736567 1392892630 2471323686 2470534280 3541393095 4269885866 3909911300 759132955 1482612480 667715263 1795580598 2337923983 3390586366 581426223 1515718634 476374295 705213300 363062054 2084697697 2407503428 2292957699 2426213835 2199989172 1987356470 4026755612 2147252133 270400031 1367820199 2369854699 2844269403 79981964 2601187879 3919438689 2270374771 3254473187 705526435 752899028 4259895275 1635503293 287311810 3348146311 587101971 1133963260 197444494 1569747226 2853653046 3654449492 3823320007 1939491435 191871982 2550916200 2586577334 1836795533 2550787344 3774101499 499856526 4035163043 969324510 502882529 3747915135 3677962142 4247339488 668043123 3114378363 585508492 542098765 4155704470 3660917119 126230230 1522675206 153049183 1637257449 3281868928 979462891 1058287769 61525060 3887730846 3905100104 1956723994 4085220955 3202629445 4112745420 877772572 3341645661 331737137 2270305335 159419296 2503600762 451751822 1083485811 1445113017