13.2 0.0248
13.6 0.0032
13.7 0.012
13.8 0.0104
13.9 0.0056
14 0.0176
14.1 0.088
14.2 0.252
14.3 0.0632
14.4 0.0136
14.5 0.12
14.6 0.0968
14.7 0.2016
14.8 0.1
14.9 0.1944
15 0.1264
15.1 0.2248
15.2 0.244
15.3 0.2792
15.4 0.2488
15.5 0.1608
15.6 0.2488
15.7 0.3576
15.8 0.2912
15.9 0.2264
16 0.4576
16.1 0.3848
16.2 0.7024
16.3 0.6232
16.4 0.704
16.5 0.7616
16.6 0.4368
16.7 0.6424
16.8 0.528
16.9 0.7624
17 0.66
17.1 0.7568
17.2 0.6248
17.3 0.8008
17.4 1.0552
17.5 1.1824
17.6 1.032
17.7 1.0096
17.8 1.2088
17.9 0.9728
18 1.188
18.1 1.2096
18.2 1.5792
18.3 1.3024
18.4 1.3768
18.5 1.2616
18.6 1.2728
18.7 1.3856
18.8 1.3968
18.9 1.408
19 1.1704
19.1 1.5208
19.2 1.7736
19.3 1.6392
19.4 1.7456
19.5 1.6592
19.6 1.6712
19.7 1.5144
19.8 1.6648
19.9 1.7336
20 1.652
20.1 1.7264
20.2 2.2048
20.3 1.996
20.4 1.8544
20.5 1.964
20.6 2.1008
20.7 1.956
20.8 1.984
20.9 1.9584
21 2.0224
21.1 1.9032
21.2 1.7352
21.3 2.012
21.4 2.1328
21.5 2.3584
21.6 1.8864
21.7 2.5688
21.8 2.08
21.9 2.4168
22 2.3056
22.1 2.3192
22.2 2.2584
22.3 2.2952
22.4 2.3696
22.5 2.4064
22.6 2.2872
22.7 2.228
22.8 2.2344
22.9 2.2448
23 2.4928
23.1 2.3064
23.2 2.3448
23.3 2.2336
23.4 2.636
23.5 2.3176
23.6 2.532
23.7 2.4688
23.8 2.3912
23.9 2.6408
24 2.784
24.1 2.396
24.2 2.3832
24.3 2.6296
24.4 2.6424
24.5 2.4864
24.6 2.4904
24.7 2.656
24.8 2.276
24.9 2.3048
25 2.5472
25.1 2.6112
25.2 2.6048
25.3 2.6896
25.4 2.8632
25.5 2.6288
25.6 2.688
25.7 2.4544
25.8 2.7936
25.9 2.608
26 2.3656
26.1 2.588
26.2 2.344
26.3 2.5424
26.4 2.444
26.5 2.528
26.6 2.4936
26.7 2.5224
26.8 2.5912
26.9 2.352
27 2.4408
27.1 2.4592
27.2 2.5
27.3 2.5256
27.4 2.4096
27.5 2.6072
27.6 2.6576
27.7 2.5352
27.8 2.3968
27.9 2.4176
28 2.6216
28.1 2.4448
28.2 2.3696
28.3 2.2648
28.4 2.3488
28.5 2.316
28.6 2.4144
28.7 2.3608
28.8 2.4864
28.9 2.548
29 2.5656
29.1 2.396
29.2 2.3792
29.3 2.2088
29.4 2.3264
29.5 2.3664
29.6 2.4344
29.7 2.4656
29.8 2.32
29.9 2.3272
30 2.4792
30.1 2.4376
30.2 2.424
30.3 2.3528
30.4 2.1712
30.5 2.2416
30.6 2.22
30.7 2.1528
30.8 2.3568
30.9 2.3528
31 2.1704
31.1 2.5264
31.2 2.4792
31.3 2.0896
31.4 2.176
31.5 2.1952
31.6 1.992
31.7 2.0024
31.8 2.388
31.9 2.3736
32 2.2624
32.1 2.3448
32.2 2.1472
32.3 2.0992
32.4 2.2248
32.5 2.0912
32.6 2.26
32.7 2.1584
32.8 2.1512
32.9 2.1208
33 2.1864
33.1 2.0776
33.2 2.2528
33.3 1.9968
33.4 2.3168
33.5 2.1752
33.6 2.0368
33.7 2.2472
33.8 2.1592
33.9 2.1216
34 1.9784
34.1 2.1424
34.2 2.1616
34.3 2.1496
34.4 2.2336
34.5 2.2336
34.6 2.0816
34.7 2.256
34.8 2.168
34.9 2.2392
35 2.2592
35.1 2.2584
35.2 2.1512
35.3 2.2216
35.4 2.2008
35.5 2.184
35.6 2.2376
35.7 2.08
35.8 2.1616
35.9 2.3136
36 2.1248
36.1 2.184
36.2 2.1432
36.3 2.0976
36.4 2.2008
36.5 2.3696
36.6 2.168
36.7 2.0416
36.8 2.3112
36.9 2.1464
37 2.0664
37.1 2.2016
37.2 2.1784
37.3 2.1512
37.4 2.1768
37.5 2.1728
37.6 2.0264
37.7 2.0848
37.8 1.9456
37.9 2.1
38 2.3128
38.1 2.0368
38.2 2.2752
38.3 2.1832
38.4 2.2056
38.5 2.1368
38.6 2.1304
38.7 2.32
38.8 2.1304
38.9 2.1032
39 2.1216
39.1 2.1296
39.2 1.8944
39.3 2.2088
39.4 1.9744
39.5 2.0952
39.6 2.1744
39.7 2.0368
39.8 2.0272
39.9 2.0904
40 2.1248
40.1 2.1464
40.2 2.1288
40.3 2.0768
40.4 2.0296
40.5 2.1856
40.6 2.1512
40.7 2.1752
40.8 2.1624
40.9 2.0688
41 2.1424
41.1 2.1448
41.2 2.0192
41.3 2.1296
41.4 2.1192
41.5 2.1192
41.6 2.1712
41.7 2.0904
41.8 2.0696
41.9 2.1344
42 2.1272
42.1 2.1248
42.2 2.088
42.3 2.1256
42.4 2.0728
42.5 2.252
42.6 2.0952
42.7 2.1192
42.8 2.0512
42.9 2.1896
43 2.1008
43.1 2.1552
43.2 2.032
43.3 2.128
43.4 2.1424
43.5 2.072
43.6 2.128
43.7 2.1896
43.8 2.2816
43.9 2.0552
44 2.2472
44.1 2.1176
44.2 2.1264
44.3 2.1944
44.4 2.1208
44.5 2.12
44.6 2.0248
44.7 2.1648
44.8 2.0824
44.9 2.0744
45 2.1576
45.1 2.1008
45.2 2.0424
45.3 2.0352
45.4 2.3176
45.5 2.1688
45.6 2.148
45.7 2.1584
45.8 2.1696
45.9 2.1904
46 2.012
46.1 2.132
46.2 2.1792
46.3 2.148
46.4 2.112
46.5 2.1784
46.6 2.1312
46.7 2.0168
46.8 2.0856
46.9 2.0776
47 2.0552
47.1 1.9584
47.2 2.0256
47.3 2.1288
47.4 2.0936
47.5 2.1232
47.6 2.1112
47.7 2.0736
47.8 2.0792
47.9 2.252
48 2.2056
48.1 2.1032
48.2 2.1592
48.3 2.1024
48.4 2.1112
48.5 2.1792
48.6 2.1688
48.7 2.0776
48.8 2.1712
48.9 2.0904
49 1.9992
49.1 2.1584
49.2 2.1312
49.3 2.1944
49.4 2.1152
49.5 2.0448
49.6 2.172
49.7 2.1568
49.8 2.0368
49.9 2.2736
50 2.064
50.1 2.1184
50.2 2.012
50.3 2.0408
50.4 2.2584
50.5 2.2168
50.6 2.112
50.7 2.1288
50.8 2.2056
50.9 2.0336
51 2.052
51.1 2.18
51.2 2.276
51.3 2.0144
51.4 2.0992
51.5 2.1152
51.6 2.2344
51.7 2.0432
51.8 2.0544
51.9 2.1568
52 2.1992
52.1 2.128
52.2 2.164
52.3 1.9968
52.4 2.0616
52.5 1.9808
52.6 2.0216
52.7 2.0424
52.8 2.0312
52.9 2.0472
53 2.1576
53.1 2.1728
53.2 2.1088
53.3 2.1864
53.4 2.1392
53.5 2.1848
53.6 2.1952
53.7 2.1296
53.8 2.2408
53.9 2.0104
54 2.1752
54.1 2.1816
54.2 2.1232
54.3 2.1728
54.4 2.1792
54.5 2.0912
54.6 2.1304
54.7 2.2176
54.8 2.1816
54.9 2.1456
55 2.236
55.1 2.036
55.2 2.136
55.3 2.108
55.4 2.2032
55.5 2.0568
55.6 2.2096
55.7 2.1776
55.8 2.1272
55.9 2.0496
56 2.044
56.1 2.2288
56.2 2.1248
56.3 2.1384
56.4 2.1944
56.5 2.1528
56.6 2.116
56.7 2.1224
56.8 2.1968
56.9 2.0104
57 2.104
57.1 2.1512
57.2 2.1352
57.3 2.2088
57.4 2.2712
57.5 2.0448
57.6 2.1696
57.7 2.168
57.8 2.1336
57.9 2.0504
58 2.1448
58.1 2.1632
58.2 2.192
58.3 2.1352
58.4 2.1824
58.5 2.0272
58.6 2.0928
58.7 2.208
58.8 2.2144
58.9 2.1432
59 2.1768
59.1 2.1176
59.2 2.2072
59.3 2.2064
59.4 2.0848
59.5 2.1584
59.6 2.124
59.7 2.216
59.8 2.2568
59.9 2.1344
60 2.268
60.1 1.9688
60.2 2.1304
60.3 2.1592
60.4 2.1896
60.5 2.0688
60.6 2.0968
60.7 2.1344
60.8 2.132
60.9 2.196
61 2.0288
61.1 2.1488
61.2 2.1712
61.3 2.1656
61.4 2.1008
61.5 2.1272
61.6 2.1928
61.7 2.1296
61.8 2.0896
61.9 2.096
62 2.1424
62.1 2.0408
62.2 2.2216
62.3 2.2472
62.4 2.0496
62.5 2.0688
62.6 2.1504
62.7 2.2208
62.8 2.1728
62.9 2.2296
63 2.0976
63.1 2.2832
63.2 2.1104
63.3 2.1984
63.4 2.076
63.5 2.2816
63.6 2.232
63.7 2.2528
63.8 2.172
63.9 2.136
64 2.2768
64.1 2.168
64.2 2.0032
64.3 2.1008
64.4 2.1376
64.5 2.2344
64.6 2.1248
64.7 2.0872
64.8 2.1592
64.9 2.0648
65 2.144
65.1 2.0008
65.2 2.3064
65.3 2.1472
65.4 2.1352
65.5 2.2096
65.6 2.084
65.7 2.156
65.8 2.3136
65.9 2.2024
66 2.2264
66.1 2.1776
66.2 2.204
66.3 2.1528
66.4 2.0992
66.5 2.0632
66.6 2.1792
66.7 2.2064
66.8 2.2224
66.9 2.2368
67 2.08
67.1 2.216
67.2 2.04
67.3 2.148
67.4 2.1496
67.5 2.0568
67.6 2.1352
67.7 2.1224
67.8 2.1008
67.9 2.0952
68 2.1816
68.1 2.2728
68.2 2.096
68.3 2.2432
68.4 2.2336
68.5 2.1336
68.6 2.1472
68.7 2.0688
68.8 2.1744
68.9 2.2576
69 2.1304
69.1 2.3088
69.2 2.0616
69.3 2.156
69.4 2.0336
69.5 2.1216
69.6 2.172
69.7 2.2264
69.8 2.1704
69.9 2.1024
70 2.2848
70.1 2.0776
70.2 2.1904
70.3 2.176
70.4 2.072
70.5 2.1296
70.6 2.044
70.7 2.1064
70.8 2.2048
70.9 2.1568
71 2.2312
71.1 2.1464
71.2 2.1104
71.3 2.0792
71.4 2.1728
71.5 2.1888
71.6 2.1728
71.7 2.2264
71.8 2.1744
71.9 2.0936
72 2.1608
72.1 2.2176
72.2 2.0952
72.3 2.1536
72.4 2.2608
72.5 2.2624
72.6 2.1352
72.7 2.1088
72.8 2.0224
72.9 2.1056
73 2.2296
73.1 2.116
73.2 2.2264
73.3 2.1008
73.4 2.0664
73.5 2.2992
73.6 2.384
73.7 2.0384
73.8 2.0704
73.9 2.2048
74 2.1568
74.1 2.1664
74.2 2.316
74.3 2.0832
74.4 2.0744
74.5 2.0328
74.6 2.2376
74.7 2.18
74.8 2.096
74.9 2.0368
75 2.2216
75.1 2.06
75.2 2.2384
75.3 2.244
75.4 2.096
75.5 2.1912
75.6 2.168
75.7 2.2128
75.8 2.2656
75.9 2.2032
76 2.0416
76.1 2.1904
76.2 2.2256
76.3 2.1552
76.4 2.0856
76.5 2.0928
76.6 2.2584
76.7 2.2344
76.8 2.3248
76.9 2.1336
77 2.2504
77.1 2.2304
77.2 2.1528
77.3 2.0736
77.4 2.2776
77.5 2.136
77.6 2.316
77.7 2.0736
77.8 2.0984
77.9 2.2472
78 2.2032
78.1 2.1368
78.2 2.228
78.3 2.2888
78.4 2.1352
78.5 2.1504
78.6 2.2272
78.7 2.0584
78.8 2.248
78.9 2.152
79 2.1568
79.1 2.2816
79.2 2.1568
79.3 2.2416
79.4 2.1672
79.5 2.1856
79.6 2.1992
79.7 2.0816
79.8 2.2408
79.9 2.1264
80 2.28
80.1 2.2272
80.2 2.2176
80.3 2.2832
80.4 2.096
80.5 2.1888
80.6 2.1856
80.7 2.1744
80.8 2.1768
80.9 2.1768
81 2.1424
81.1 2.0672
81.2 2.1736
81.3 2.1632
81.4 2.1576
81.5 2.0752
81.6 2.288
81.7 2.2048
81.8 2.2128
81.9 2.192
82 2.1784
82.1 2.0896
82.2 2.3008
82.3 2.1256
82.4 2.1456
82.5 2.2016
82.6 2.304
82.7 2.2488
82.8 2.2088
82.9 2.032
83 2.2952
83.1 2.1336
83.2 2.1304
83.3 2.2344
83.4 2.188
83.5 2.3792
83.6 2.1832
83.7 2.1192
83.8 2.2536
83.9 2.2128
84 2.224
84.1 2.1792
84.2 2.1504
84.3 2.1256
84.4 2.1592
84.5 2.1344
84.6 2.212
84.7 2.1848
84.8 2.228
84.9 2.1296
85 2.0896
85.1 2.3016
85.2 2.224
85.3 2.1048
85.4 2.0856
85.5 2.0864
85.6 2.1128
85.7 2.084
85.8 2.1424
85.9 2.0704
86 2.1248
86.1 2.0504
86.2 2.1664
86.3 2.2816
86.4 2.2416
86.5 2.2584
86.6 2.164
86.7 2.22
86.8 2.164
86.9 2.1624
87 2.2296
87.1 2.108
87.2 2.1848
87.3 2.24
87.4 2.1424
87.5 2.3144
87.6 2.2344
87.7 2.1904
87.8 2.12
87.9 2.1456
88 2.1584
88.1 2.3536
88.2 2.0552
88.3 2.2016
88.4 2.2776
88.5 2.108
88.6 2.1888
88.7 2.1272
88.8 2.1304
88.9 2.2032
89 2.1256
89.1 2.2616
89.2 2.276
89.3 2.2544
89.4 2.2
89.5 2.1488
89.6 2.2072
89.7 2.1848
89.8 2.1744
89.9 2.22
90 2.1424
90.1 2.0752
90.2 2.16
90.3 2.1824
90.4 2.08
90.5 2.1464
90.6 2.1944
90.7 2.1528
90.8 2.26
90.9 2.1424
91 2.1224
91.1 2.1032
91.2 2.1872
91.3 2.104
91.4 2.2304
91.5 2.2536
91.6 2.1984
91.7 2.256
91.8 2.2984
91.9 2.2
92 2.2224
92.1 2.1408
92.2 2.1976
92.3 2.2632
92.4 2.1968
92.5 2.312
92.6 2.3176
92.7 2.1544
92.8 2.24
92.9 2.1368
93 2.1312
93.1 2.0736
93.2 2.2096
93.3 2.2552
93.4 2.128
93.5 2.2208
93.6 2.2808
93.7 2.0912
93.8 2.1416
93.9 2.3304
94 2.2656
94.1 2.14
94.2 2.2336
94.3 2.0872
94.4 2.1976
94.5 2.3144
94.6 2.2192
94.7 2.2224
94.8 2.1384
94.9 2.096
95 2.1856
95.1 2.1624
95.2 2.2472
95.3 2.1816
95.4 2.1704
95.5 2.2552
95.6 2.1928
95.7 2.3064
95.8 2.2696
95.9 2.2944
96 2.1392
96.1 2.1744
96.2 2.2344
96.3 2.2424
96.4 2.1688
96.5 2.1416
96.6 2.0456
96.7 2.0432
96.8 2.1296
96.9 2.0512
97 2.1656
97.1 2.2624
97.2 2.1472
97.3 2.2416
97.4 2.0704
97.5 2.2072
97.6 2.0592
97.7 2.2064
97.8 2.2072
97.9 2.2128
98 2.172
98.1 2.2496
98.2 2.196
98.3 2.1608
98.4 2.1096
98.5 2.1736
98.6 2.2504
98.7 2.1136
98.8 2.2664
98.9 2.1024
99 2.1712
99.1 2.144
99.2 2.0696
99.3 2.0264
99.4 2.184
99.5 2.1752
99.6 2.0784
99.7 2.1632
99.8 2.068
99.9 2.192
100 2.1544
100.1 2.1448
100.2 2.1312
100.3 2.2568
100.4 2.3552
100.5 2.108
100.6 2.1672
100.7 2.1224
100.8 2.2416
100.9 2.0976
101 2.06
101.1 2.176
101.2 2.1864
101.3 2.2208
101.4 2.2032
101.5 2.2824
101.6 2.2248
101.7 2.2024
101.8 1.98
101.9 2.1576
102 2.1064
102.1 2.3008
102.2 2.2208
102.3 2.2184
102.4 2.2016
102.5 2.1536
102.6 2.2
102.7 2.1048
102.8 2.1792
102.9 2.1712
103 2.1112
103.1 2.1064
103.2 2.2808
103.3 2.216
103.4 2.216
103.5 2.1232
103.6 2.14
103.7 2.1464
103.8 2.1536
103.9 2.248
104 2.0912
104.1 2.2232
104.2 2.2048
104.3 2.1528
104.4 2.1248
104.5 2.2744
104.6 2.1776
104.7 2.14
104.8 2.0688
104.9 2.1072
105 2.2744
105.1 2.2192
105.2 2.0864
105.3 2.2424
105.4 2.14
105.5 2.244
105.6 2.148
105.7 2.1832
105.8 2.1528
105.9 2.2128
106 2.1592
106.1 2.3384
106.2 2.1112
106.3 2.0744
106.4 2.1896
106.5 2.1616
106.6 2.0368
106.7 2.0904
106.8 2.1336
106.9 2.128
107 2.2208
107.1 2.236
107.2 2.3184
107.3 2.2816
107.4 2.1712
107.5 2.2656
107.6 2.3648
107.7 2.244
107.8 2.2296
107.9 2.2528
108 2.164
108.1 2.1808
108.2 2.284
108.3 2.1624
108.4 2.1128
108.5 2.1384
108.6 2.2048
108.7 2.228
108.8 2.2208
108.9 2.2352
109 2.2808
109.1 2.2
109.2 2.1552
109.3 2.1968
109.4 2.1576
109.5 2.1256
109.6 2.1032
109.7 2.1208
109.8 2.0816
109.9 2.2472
110 2.1792
110.1 2.1576
110.2 2.4408
110.3 2.2752
110.4 2.0264
110.5 2.1624
110.6 2.208
110.7 2.1136
110.8 2.1008
110.9 2.2088
111 2.2432
111.1 2.2104
111.2 2.3016
111.3 2.1528
111.4 2.2008
111.5 2.1432
111.6 2.2352
111.7 2.1352
111.8 2.248
111.9 2.0872
112 2.2544
112.1 2.1744
112.2 2.1472
112.3 2.1432
112.4 2.1352
112.5 2.0912
112.6 2.1976
112.7 2.1808
112.8 2.0864
112.9 2.2984
113 2.0888
113.1 2.136
113.2 2.0448
113.3 2.1936
113.4 2.3264
113.5 2.1856
113.6 2.096
113.7 2.2104
113.8 2.096
113.9 2.1528
114 2.2928
114.1 2.0864
114.2 2.1248
114.3 2.1704
114.4 2.04
114.5 2.188
114.6 2.2216
114.7 2.2248
114.8 2.1528
114.9 2.2072
115 2.236
115.1 2.1208
115.2 2.1608
115.3 2.2656
115.4 2.1368
115.5 2.2168
115.6 2.1168
115.7 2.2056
115.8 2.0504
115.9 2.3272
116 2.1288
116.1 2.076
116.2 2.1272
116.3 2.1904
116.4 2.296
116.5 2.2176
116.6 2.2864
116.7 2.1744
116.8 2.2304
116.9 2.2808
117 2.1304
117.1 2.2744
117.2 2.0848
117.3 2.1824
117.4 2.156
117.5 2.2376
117.6 2.1128
117.7 2.236
117.8 2.0752
117.9 2.1504
118 2.164
118.1 2.2032
118.2 2.2336
118.3 2.2128
118.4 2.1416
118.5 2.3128
118.6 2.1864
118.7 2.2408
118.8 2.2024
118.9 2.064
119 2.2608
119.1 2.2768
119.2 2.2104
119.3 2.0536
119.4 2.1432
119.5 2.1408
119.6 2.0432
119.7 2.2536
119.8 2.1416
119.9 2.2216
120 2.1432
120.1 2.2648
120.2 2.2112
120.3 2.3184
120.4 2.2064
120.5 2.1584
120.6 2.3072
120.7 2.292
120.8 2.2744
120.9 2.088
121 2.0936
121.1 2.2488
121.2 2.1448
121.3 2.2576
121.4 2.1592
121.5 2.2832
121.6 2.196
121.7 2.2464
121.8 2.2224
121.9 2.1336
122 2.124
122.1 2.0992
122.2 2.2608
122.3 2.2288
122.4 2.1712
122.5 2.2184
122.6 2.2232
122.7 2.1584
122.8 2.1144
122.9 2.1752
123 2.1776
123.1 2.2032
123.2 2.4408
123.3 2.1584
123.4 2.1256
123.5 2.1176
123.6 2.1848
123.7 2.2048
123.8 2.0888
123.9 2.144
124 2.2704
124.1 2.2832
124.2 2.2864
124.3 2.1232
124.4 2.1856
124.5 2.2192
124.6 2.268
124.7 2.2344
124.8 2.2912
124.9 2.1576
125 2.2584
125.1 2.264
125.2 2.1672
125.3 2.3016
125.4 2.2344
125.5 2.1816
125.6 2.044
125.7 2.092
125.8 2.0792
125.9 2.3048
126 2.1272
126.1 2.0432
126.2 2.2184
126.3 2.1528
126.4 2.2472
126.5 2.2248
126.6 2.2304
126.7 2.1784
126.8 2.26
126.9 2.1248
127 2.2272
127.1 2.1728
127.2 2.264
127.3 2.1968
127.4 2.0952
127.5 2.1432
127.6 2.3664
127.7 2.196
127.8 2.1624
127.9 2.196
128 1.9784
128.1 2.284
128.2 2.32
128.3 2.2624
128.4 2.1856
128.5 2.2464
128.6 2.14
128.7 2.236
128.8 2.1912
128.9 2.352
129 2.0864
129.1 2.1048
129.2 2.128
129.3 2.2088
129.4 2.1944
129.5 2.2288
129.6 2.1656
129.7 2.1776
129.8 2.1688
129.9 2.224
130 2.2624
130.1 2.1584
130.2 2.2888
130.3 2.1816
130.4 2.1768
130.5 2.2264
130.6 2.2432
130.7 2.3776
130.8 2.128
130.9 2.38
131 2.2184
131.1 2.3184
131.2 2.1792
131.3 2.2672
131.4 2.2
131.5 2.148
131.6 2.3096
131.7 2.1672
131.8 2.1936
131.9 2.2896
132 2.3048
132.1 2.1928
132.2 2.176
132.3 2.3616
132.4 2.2792
132.5 2.18
132.6 2.1288
132.7 2.3128
132.8 2.0792
132.9 2.2336
133 2.1256
133.1 2.22
133.2 2.1168
133.3 2.2072
133.4 2.272
133.5 2.1864
133.6 2.1624
133.7 2.2632
133.8 2.2512
133.9 2.3672
134 2.1648
134.1 2.1992
134.2 2.0528
134.3 2.2512
134.4 2.268
134.5 2.2424
134.6 2.24
134.7 2.3008
134.8 2.1776
134.9 2.2152
135 2.2568
135.1 2.3384
135.2 2.2704
135.3 2.2456
135.4 2.1488
135.5 2.112
135.6 2.1992
135.7 2.172
135.8 2.176
135.9 2.2304
136 2.3064
136.1 2.2192
136.2 2.1672
136.3 2.2112
136.4 2.2872
136.5 2.2
136.6 2.4184
136.7 2.056
136.8 2.1512
136.9 2.3192
137 2.1424
137.1 2.14
137.2 2.1992
137.3 2.188
137.4 2.152
137.5 2.2512
137.6 2.136
137.7 2.0792
137.8 2.1136
137.9 2.1728
138 2.1448
138.1 2.2552
138.2 2.3696
138.3 2.16
138.4 2.132
138.5 2.1824
138.6 2.292
138.7 2.268
138.8 2.1648
138.9 2.116
139 2.0568
139.1 2.3504
139.2 2.2744
139.3 2.0792
139.4 2.06
139.5 2.0784
139.6 2.0984
139.7 2.1248
139.8 2.1576
139.9 2.1256
140 2.2752
140.1 2.2624
140.2 2.3096
140.3 2.2568
140.4 2.2624
140.5 2.2544
140.6 2.1768
140.7 2.2048
140.8 2.312
140.9 2.1752
141 2.168
141.1 2.1968
141.2 2.2608
141.3 2.296
141.4 2.1656
141.5 2.2112
141.6 2.1752
141.7 2.1632
141.8 2.184
141.9 2.1176
142 2.228
142.1 2.1144
142.2 2.228
142.3 2.2848
142.4 2.2936
142.5 2.2928
142.6 2.312
142.7 2.208
142.8 2.2968
142.9 2.1616
143 2.2424
143.1 2.1744
143.2 2.2064
143.3 2.3224
143.4 2.2208
143.5 2.1288
143.6 2.0392
143.7 2.0808
143.8 2.3216
143.9 2.1384
144 2.2168
144.1 2.1912
144.2 2.156
144.3 2.2528
144.4 2.216
144.5 2.2064
144.6 2.34
144.7 2.2184
144.8 2.0616
144.9 2.1712
145 2.1632
145.1 2.1712
145.2 2.2512
145.3 2.2504
145.4 2.2848
145.5 2.1248
145.6 2.2936
145.7 2.324
145.8 2.2
145.9 2.14
146 2.3448
146.1 2.1552
146.2 2.2024
146.3 2.1616
146.4 2.1752
146.5 2.1744
146.6 2.2048
146.7 2.3104
146.8 2.2648
146.9 2.0648
147 2.2776
147.1 2.2768
147.2 2.1584
147.3 2.0184
147.4 2.184
147.5 2.1632
147.6 2.2504
147.7 2.2136
147.8 2.2688
147.9 2.1936
148 2.032
148.1 2.0536
148.2 2.2224
148.3 2.1984
148.4 2.3208
148.5 2.1568
148.6 2.3328
148.7 2.3504
148.8 2.1944
148.9 2.116
149 2.1224
149.1 2.2856
149.2 2.232
149.3 2.2752
149.4 2.2624
149.5 2.2488
149.6 2.376
149.7 2.1832
149.8 2.2424
149.9 2.1984
150 2.2456
150.1 2.2984
150.2 2.204
150.3 2.212
150.4 2.2344
150.5 2.2952
150.6 2.3344
150.7 2.1912
150.8 2.2392
150.9 2.2056
151 2.1728
151.1 2.1808
151.2 2.2448
151.3 2.3552
151.4 2.3064
151.5 2.5464
151.6 2.168
151.7 2.1424
151.8 2.2096
151.9 2.308
152 2.2304
152.1 2.2368
152.2 2.1224
152.3 2.3056
152.4 2.2072
152.5 2.292
152.6 2.1208
152.7 2.1984
152.8 2.352
152.9 2.2152
153 2.196
153.1 2.1704
153.2 2.2528
153.3 2.2016
153.4 2.1576
153.5 2.2584
153.6 2.232
153.7 2.0856
153.8 2.2152
153.9 2.3408
154 2.3104
154.1 2.1944
154.2 2.1592
154.3 2.2952
154.4 2.2232
154.5 2.2728
154.6 2.2048
154.7 2.2584
154.8 2.184
154.9 2.2416
155 2.2256
155.1 2.3368
155.2 2.2216
155.3 2.2216
155.4 2.1784
155.5 2.1864
155.6 2.1776
155.7 2.2096
155.8 2.2472
155.9 2.2088
156 2.1712
156.1 2.3264
156.2 2.3464
156.3 2.1184
156.4 2.1624
156.5 2.1856
156.6 2.1752
156.7 2.2464
156.8 2.2096
156.9 2.1984
157 2.2536
157.1 2.0552
157.2 2.0992
157.3 2.2776
157.4 2.24
157.5 2.1424
157.6 2.3008
157.7 2.1464
157.8 2.2072
157.9 2.128
158 2.1744
158.1 2.2264
158.2 2.2128
158.3 2.2448
158.4 2.192
158.5 2.184
158.6 2.1768
158.7 2.3912
158.8 2.1672
158.9 2.3528
159 2.2224
159.1 2.272
159.2 2.2048
159.3 2.2232
159.4 2.2072
159.5 2.3336
159.6 2.3232
159.7 2.244
159.8 2.204
159.9 2.2992
160 2.152
160.1 2.164
160.2 2.2488
160.3 2.0944
160.4 2.264
160.5 2.1656
160.6 2.1704
160.7 2.172
160.8 2.216
160.9 2.2024
161 2.26
161.1 2.16
161.2 2.2088
161.3 2.2616
161.4 2.2216
161.5 2.1872
161.6 2.1488
161.7 2.076
161.8 2.2
161.9 2.1328
162 2.252
162.1 2.1992
162.2 2.1432
162.3 2.392
162.4 2.1808
162.5 2.2264
162.6 2.344
162.7 2.2952
162.8 2.268
162.9 2.3296
163 2.172
163.1 2.1584
163.2 2.1216
163.3 2.2896
163.4 2.1384
163.5 2.2232
163.6 2.1728
163.7 2.196
163.8 2.0968
163.9 2.22
164 2.4
164.1 2.084
164.2 2.2464
164.3 2.2232
164.4 2.1392
164.5 2.1904
164.6 2.3032
164.7 2.1232
164.8 2.076
164.9 2.2056
165 2.1224
165.1 2.0856
165.2 2.0648
165.3 2.2
165.4 2.3384
165.5 2.0712
165.6 2.1816
165.7 2.32
165.8 2.1832
165.9 2.1008
166 2.232
166.1 2.2984
166.2 2.2168
166.3 2.1472
166.4 2.2664
166.5 2.176
166.6 2.1824
166.7 2.2224
166.8 2.152
166.9 2.1368
167 2.308
167.1 2.2424
167.2 2.0928
167.3 2.2328
167.4 2.2272
167.5 2.1992
167.6 2.104
167.7 2.2368
167.8 2.2568
167.9 2.2704
168 2.2336
168.1 2.1664
168.2 2.1856
168.3 2.2128
168.4 2.2744
168.5 2.192
168.6 2.1944
168.7 2.1664
168.8 2.2216
168.9 2.184
169 2.2296
169.1 2.1944
169.2 2.1872
169.3 2.2296
169.4 2.1784
169.5 2.1496
169.6 2.1208
169.7 2.096
169.8 2.2032
169.9 2.1784
170 2.0392
170.1 2.2224
170.2 2.1656
170.3 2.1816
170.4 2.2432
170.5 2.2432
170.6 2.2136
170.7 2.252
170.8 2.2096
170.9 2.2032
171 2.1536
171.1 2.1464
171.2 2.2392
171.3 2.2376
171.4 2.16
171.5 2.1976
171.6 2.1616
171.7 2.1296
171.8 2.2248
171.9 2.2312
172 2.1576
172.1 2.2464
172.2 2.1816
172.3 2.2576
172.4 2.1448
172.5 2.2816
172.6 2.208
172.7 2.1384
172.8 2.1232
172.9 2.2688
173 2.1456
173.1 2.2512
173.2 2.1024
173.3 2.264
173.4 2.2144
173.5 2.1856
173.6 2.1008
173.7 2.1592
173.8 2.1984
173.9 2.244
174 2.0432
174.1 2.1
174.2 2.2104
174.3 2.084
174.4 2.1776
174.5 2.3464
174.6 2.2592
174.7 2.1408
174.8 2.3848
174.9 2.164
175 2.2672
175.1 2.0752
175.2 2.2864
175.3 2.3152
175.4 2.2416
175.5 2.2688
175.6 2.292
175.7 2.2336
175.8 2.0296
175.9 2.1888
176 2.0816
176.1 2.0784
176.2 2.1392
176.3 2.2328
176.4 2.2424
176.5 2.2096
176.6 2.1032
176.7 2.3456
176.8 2.3096
176.9 2.1608
177 2.1864
177.1 2.2064
177.2 2.2064
177.3 2.224
177.4 2.3384
177.5 2.3064
177.6 2.1552
177.7 2.2792
177.8 2.2328
177.9 2.2232
178 2.1752
178.1 2.1576
178.2 2.132
178.3 2.1032
178.4 2.2512
178.5 2.2008
178.6 2.2424
178.7 2.1088
178.8 2.1728
178.9 2.1984
179 2.228
179.1 2.188
179.2 2.0528
179.3 2.072
179.4 2.2376
179.5 2.2312
179.6 2.2144
179.7 2.2128
179.8 2.1248
179.9 2.2536
180 2.28
180.1 2.2584
180.2 2.2312
180.3 2.1856
180.4 2.3152
180.5 2.2112
180.6 2.2464
180.7 2.2496
180.8 2.1336
180.9 2.2296
181 2.1568
181.1 2.1496
181.2 2.2352
181.3 2.0096
181.4 2.3264
181.5 2.1872
181.6 2.0872
181.7 2.236
181.8 2.3512
181.9 2.204
182 2.264
182.1 2.2328
182.2 2.26
182.3 2.296
182.4 2.2672
182.5 2.1648
182.6 2.2496
182.7 2.0592
182.8 2.1624
182.9 2.3032
183 2.1984
183.1 2.1976
183.2 2.1072
183.3 2.2464
183.4 2.3112
183.5 2.248
183.6 2.1336
183.7 2.2248
183.8 2.1616
183.9 2.1632
184 2.1488
184.1 2.2568
184.2 2.1888
184.3 2.1512
184.4 2.2048
184.5 2.2808
184.6 2.208
184.7 2.2448
184.8 2.1
184.9 2.0832
185 2.252
185.1 2.26
185.2 2.2936
185.3 2.0856
185.4 2.0736
185.5 2.1704
185.6 2.1768
185.7 2.2336
185.8 2.1432
185.9 2.164
186 2.2504
186.1 2.192
186.2 2.2832
186.3 2.1424
186.4 2.1312
186.5 2.2432
186.6 2.0048
186.7 2.22
186.8 2.096
186.9 2.032
187 2.1304
187.1 2.1384
187.2 2.0552
187.3 2.2432
187.4 2.1368
187.5 2.1808
187.6 2.1736
187.7 2.2344
187.8 2.148
187.9 2.2
188 2.3536
188.1 2.2848
188.2 2.2496
188.3 2.1216
188.4 2.0544
188.5 2.2104
188.6 2.24
188.7 2.2608
188.8 2.2496
188.9 2.0584
189 2.2336
189.1 2.2232
189.2 2.2272
189.3 2.0768
189.4 2.248
189.5 2.2152
189.6 2.1656
189.7 2.224
189.8 2.2672
189.9 2.252
190 2.2776
190.1 2.3752
190.2 2.1384
190.3 2.2024
190.4 2.1536
190.5 2.1856
190.6 2.1232
190.7 2.0528
190.8 2.032
190.9 2.2264
191 2.1056
191.1 2.256
191.2 2.3816
191.3 2.408
191.4 2.284
191.5 2.2216
191.6 2.2984
191.7 2.1808
191.8 2.2128
191.9 2.24
192 2.2888
192.1 2.1808
192.2 2.0944
192.3 2.152
192.4 2.2816
192.5 2.196
192.6 2.1944
192.7 2.1288
192.8 2.2632
192.9 2.1208
193 2.1504
193.1 2.2576
193.2 2.2528
193.3 2.0728
193.4 2.1992
193.5 2.1584
193.6 2.2224
193.7 2.2224
193.8 2.2336
193.9 2.2344
194 2.1984
194.1 2.1848
194.2 2.3256
194.3 2.188
194.4 2.2224
194.5 2.288
194.6 2.3472
194.7 2.2096
194.8 2.2704
194.9 2.1168
195 2.2952
195.1 2.1608
195.2 2.1432
195.3 2.292
195.4 2.2472
195.5 2.2128
195.6 2.4096
195.7 2.104
195.8 2.2376
195.9 2.0288
196 2.1104
196.1 2.204
196.2 2.0392
196.3 2.26
196.4 2.2544
196.5 2.4016
196.6 2.128
196.7 2.1448
196.8 2.1648
196.9 2.3856
197 2.1544
197.1 2.0952
197.2 2.3512
197.3 2.064
197.4 2.2672
197.5 2.0056
197.6 2.3552
197.7 2.1352
197.8 2.2704
197.9 2.2064
198 2.4248
198.1 2.2584
198.2 2.2208
198.3 2.1496
198.4 2.1456
198.5 1.9856
198.6 2.2784
198.7 2.3384
198.8 2.2336
198.9 2.3384
199 2.088
199.1 2.0432
199.2 2.2424
199.3 2.308
199.4 2.176
199.5 2.2928
199.6 2.1248
199.7 2.1688
199.8 2.2568
199.9 2.2008
200 1.0416
