12.7 0.0096
12.8 0.032
13 0.0856
13.2 0.02
13.3 0.0296
13.4 0.064
13.5 0.0272
13.6 0.0296
13.7 0.0976
13.8 0.1704
13.9 0.0768
14 0.22
14.1 0.312
14.2 0.4144
14.3 0.1456
14.4 0.2336
14.5 0.2168
14.6 0.1976
14.7 0.4688
14.8 0.2784
14.9 0.4616
15 0.552
15.1 0.7656
15.2 0.4016
15.3 0.5384
15.4 0.6472
15.5 0.6944
15.6 0.8456
15.7 1.1216
15.8 1.0736
15.9 1.0952
16 1.1264
16.1 0.8048
16.2 1.0536
16.3 1.6456
16.4 1.2648
16.5 1.68
16.6 1.4576
16.7 1.4104
16.8 1.7176
16.9 1.2424
17 1.6112
17.1 1.8432
17.2 1.764
17.3 2.1464
17.4 1.836
17.5 2.104
17.6 2.4176
17.7 2.156
17.8 2.6248
17.9 2.4104
18 2.4824
18.1 2.7376
18.2 2.812
18.3 2.264
18.4 2.3248
18.5 2.8592
18.6 2.532
18.7 2.8632
18.8 3.3656
18.9 2.7992
19 2.66
19.1 2.688
19.2 2.8464
19.3 3.3328
19.4 3.0624
19.5 3.5488
19.6 3.2328
19.7 2.8856
19.8 2.9784
19.9 3.2088
20 2.9744
20.1 3.5424
20.2 3.4888
20.3 3.4368
20.4 3.076
20.5 3.2368
20.6 3.504
20.7 3.312
20.8 3.6344
20.9 2.9104
21 3.3568
21.1 2.8944
21.2 3.0056
21.3 3.2376
21.4 3.308
21.5 3.3096
21.6 3.6232
21.7 3.372
21.8 3.32
21.9 3.368
22 3.5984
22.1 2.9824
22.2 3.388
22.3 3.4584
22.4 3.5984
22.5 3.4016
22.6 3.196
22.7 3.3648
22.8 3.4472
22.9 3.5288
23 3.584
23.1 3.4768
23.2 3.6088
23.3 3.5616
23.4 3.5592
23.5 3.5472
23.6 3.5304
23.7 3.4592
23.8 3.8424
23.9 3.2496
24 3.5376
24.1 3.4936
24.2 3.7816
24.3 3.7336
24.4 3.6912
24.5 3.672
24.6 3.2056
24.7 3.2672
24.8 3.6472
24.9 3.4424
25 3.36
25.1 3.2296
25.2 3.6128
25.3 3.2784
25.4 3.4704
25.5 3.5128
25.6 3.4056
25.7 3.2824
25.8 3.2672
25.9 3.3344
26 3.7936
26.1 3.4392
26.2 3.4664
26.3 3.0704
26.4 3.3808
26.5 3.4912
26.6 3.3432
26.7 3.1176
26.8 3.0744
26.9 3.216
27 3.4456
27.1 3.4232
27.2 3.2976
27.3 3.0976
27.4 3.184
27.5 3.092
27.6 3.1136
27.7 2.7696
27.8 2.9064
27.9 2.8696
28 3.0064
28.1 3.1272
28.2 2.8224
28.3 2.8432
28.4 3.0304
28.5 2.7464
28.6 2.7768
28.7 2.772
28.8 2.8168
28.9 2.7176
29 2.9384
29.1 3.0488
29.2 3.0464
29.3 2.6904
29.4 2.7576
29.5 3.0208
29.6 2.7784
29.7 2.532
29.8 2.6904
29.9 2.8232
30 2.4936
30.1 2.664
30.2 2.4416
30.3 2.5224
30.4 2.8536
30.5 2.5424
30.6 2.78
30.7 2.7216
30.8 2.5584
30.9 2.5072
31 2.7272
31.1 2.5816
31.2 2.7936
31.3 2.5232
31.4 2.6552
31.5 2.5904
31.6 2.732
31.7 2.448
31.8 2.484
31.9 2.6256
32 2.492
32.1 2.4192
32.2 2.4192
32.3 2.4528
32.4 2.4768
32.5 2.324
32.6 2.328
32.7 2.404
32.8 2.5624
32.9 2.3288
33 2.4112
33.1 2.3
33.2 2.4184
33.3 2.3232
33.4 2.2776
33.5 2.2808
33.6 2.4904
33.7 2.176
33.8 2.3608
33.9 2.2952
34 2.1232
34.1 2.3016
34.2 2.2792
34.3 2.3048
34.4 2.2976
34.5 2.244
34.6 2.2488
34.7 2.1544
34.8 2.2792
34.9 2.1224
35 2.1624
35.1 2.1824
35.2 2.08
35.3 2.248
35.4 2.3704
35.5 2.3408
35.6 2.2616
35.7 2.4064
35.8 2.3544
35.9 2.2256
36 2.1864
36.1 2.1608
36.2 2.144
36.3 2.1064
36.4 2.2336
36.5 2.1928
36.6 2.2568
36.7 2.0736
36.8 2.0888
36.9 2.2488
37 2.2152
37.1 2.208
37.2 2.0576
37.3 2.0664
37.4 2.192
37.5 2.3064
37.6 2.0784
37.7 2.0928
37.8 2.0512
37.9 2.0416
38 2.232
38.1 2.0968
38.2 2.1416
38.3 2.0064
38.4 2.1408
38.5 2.1296
38.6 2.0464
38.7 2.0168
38.8 2.3792
38.9 1.9664
39 2.064
39.1 2.0656
39.2 2.1352
39.3 2.1864
39.4 2.1736
39.5 2.0384
39.6 2.0072
39.7 2.232
39.8 2.048
39.9 2.1784
40 1.988
40.1 2.1416
40.2 2.116
40.3 2.0232
40.4 2.0392
40.5 2.0984
40.6 2.0224
40.7 2.0792
40.8 2.236
40.9 2.1152
41 2.0592
41.1 2.1856
41.2 2.0104
41.3 2.1928
41.4 2.0976
41.5 2.1536
41.6 2.0104
41.7 2.156
41.8 2.1216
41.9 2.0504
42 2.1712
42.1 2.036
42.2 2.1776
42.3 1.9912
42.4 2.124
42.5 2.2016
42.6 2.0776
42.7 2.1536
42.8 2.128
42.9 2.1912
43 2.0832
43.1 2.0744
43.2 2.092
43.3 2.2568
43.4 2.0272
43.5 2.0808
43.6 2.1392
43.7 2.1032
43.8 2.12
43.9 2.0208
44 1.9336
44.1 2.036
44.2 2.0192
44.3 2.112
44.4 2.1048
44.5 2.0408
44.6 2.088
44.7 2.0584
44.8 2.032
44.9 2.0592
45 2.1464
45.1 2.0288
45.2 1.9448
45.3 2.08
45.4 2.0736
45.5 2.0816
45.6 1.9864
45.7 1.8768
45.8 2.0472
45.9 2.176
46 2.1192
46.1 2.2104
46.2 2.032
46.3 2.0936
46.4 1.9656
46.5 2.008
46.6 2.0848
46.7 1.9592
46.8 2.0752
46.9 2.0432
47 1.928
47.1 1.9816
47.2 2.1184
47.3 1.9992
47.4 2.188
47.5 2.0512
47.6 2.1552
47.7 2.1128
47.8 2.0496
47.9 2.1072
48 1.9856
48.1 1.9624
48.2 2.1208
48.3 2.0632
48.4 2.088
48.5 2.0232
48.6 2.1968
48.7 1.9448
48.8 2.1096
48.9 1.9288
49 2.1024
49.1 2.0912
49.2 2.056
49.3 2.1232
49.4 1.9424
49.5 2.0344
49.6 2.1296
49.7 2.0984
49.8 1.9728
49.9 1.9816
50 1.9744
50.1 2.0744
50.2 2.2056
50.3 1.9976
50.4 2.0056
50.5 1.9808
50.6 2.008
50.7 2.1128
50.8 2.1072
50.9 1.9832
51 2.0824
51.1 2.1384
51.2 2.144
51.3 2.08
51.4 2.1104
51.5 2.0384
51.6 2.092
51.7 2.0064
51.8 2.192
51.9 2.0376
52 2.0352
52.1 2.0792
52.2 2.1064
52.3 2.1888
52.4 2.1144
52.5 2.0464
52.6 2.1288
52.7 2.1176
52.8 2.056
52.9 2.0064
53 1.9288
53.1 2.1408
53.2 2.1328
53.3 2.1344
53.4 2.0064
53.5 2.0704
53.6 2.1336
53.7 2.04
53.8 2.1176
53.9 2.1136
54 2.0824
54.1 2.0896
54.2 1.9624
54.3 2.164
54.4 2.116
54.5 2.0056
54.6 2.0648
54.7 2.1704
54.8 2.0104
54.9 1.8688
55 2.1688
55.1 2.1216
55.2 2.036
55.3 2.1176
55.4 2.0872
55.5 2.1608
55.6 2.012
55.7 1.8784
55.8 2.0024
55.9 2.1744
56 2.1648
56.1 2.0256
56.2 2.224
56.3 2.036
56.4 1.964
56.5 2.0344
56.6 2.1984
56.7 1.9976
56.8 2.0096
56.9 2.1112
57 2.0104
57.1 1.9752
57.2 2.0904
57.3 2.0944
57.4 2.0264
57.5 1.992
57.6 1.9936
57.7 2.0968
57.8 2.0288
57.9 2.0512
58 2.1088
58.1 2.0752
58.2 2.1712
58.3 2.104
58.4 2.0768
58.5 2.0504
58.6 1.9976
58.7 2.1072
58.8 2.0952
58.9 2.12
59 2.02
59.1 2.124
59.2 2.1696
59.3 2.1208
59.4 2.12
59.5 2.1488
59.6 2.1616
59.7 2.1056
59.8 2.0824
59.9 2.0336
60 2.068
60.1 1.9296
60.2 1.9536
60.3 2.076
60.4 2.0424
60.5 1.9536
60.6 2.0744
60.7 2.076
60.8 2.2112
60.9 2.0784
61 2.068
61.1 1.9304
61.2 2.0816
61.3 2.0784
61.4 1.956
61.5 2.1088
61.6 2.0136
61.7 2.1288
61.8 2.0344
61.9 2.0736
62 2.14
62.1 2.0168
62.2 2.0456
62.3 2.2288
62.4 2.0392
62.5 1.9912
62.6 2.0592
62.7 2.1648
62.8 1.976
62.9 2.04
63 2.1296
63.1 2.0264
63.2 1.9016
63.3 2.0392
63.4 1.924
63.5 2.0152
63.6 2.0264
63.7 2.1368
63.8 2.1184
63.9 2.1856
64 2.2328
64.1 2.0712
64.2 2.0968
64.3 2.0632
64.4 2.0704
64.5 2.1016
64.6 2.1592
64.7 2.184
64.8 2.0216
64.9 2.0976
65 2.0224
65.1 2.004
65.2 2.108
65.3 2.1248
65.4 2.1528
65.5 2.1152
65.6 2.1776
65.7 2.0448
65.8 1.98
65.9 2.0152
66 1.9512
66.1 2.0608
66.2 2.136
66.3 1.916
66.4 1.9904
66.5 2.1184
66.6 2.0848
66.7 1.9816
66.8 2.0856
66.9 2.08
67 2.0712
67.1 2.0848
67.2 2.0328
67.3 2.0848
67.4 1.972
67.5 2.1576
67.6 2.0728
67.7 2.1328
67.8 2.0128
67.9 2.0384
68 2.0664
68.1 2.1168
68.2 2.0296
68.3 1.9464
68.4 2.0688
68.5 2.0984
68.6 2.0648
68.7 2.0424
68.8 2.0664
68.9 1.9296
69 2.156
69.1 2.1176
69.2 2.0504
69.3 2.0912
69.4 1.9912
69.5 1.98
69.6 2.0064
69.7 2.1632
69.8 1.9872
69.9 2.0336
70 2.0472
70.1 2.068
70.2 2.0888
70.3 2.1776
70.4 1.9992
70.5 1.9752
70.6 2.1312
70.7 2.02
70.8 2.0672
70.9 2.14
71 2.088
71.1 1.9776
71.2 2.1432
71.3 2.036
71.4 2.052
71.5 2.116
71.6 2.1056
71.7 2.1232
71.8 2.1152
71.9 2.116
72 1.9824
72.1 2.0784
72.2 2.0032
72.3 2.0424
72.4 2.1248
72.5 2.1576
72.6 2.1592
72.7 2.1064
72.8 2.1072
72.9 2.1688
73 2.1144
73.1 1.972
73.2 2.1496
73.3 2.1728
73.4 2.3232
73.5 2.0888
73.6 1.948
73.7 2.0112
73.8 2.1528
73.9 2.0296
74 2.0512
74.1 2.0992
74.2 2.06
74.3 2.076
74.4 2.1728
74.5 2.0784
74.6 2.0328
74.7 2.1032
74.8 2.1912
74.9 2.0816
75 1.9528
75.1 2.0704
75.2 2.0816
75.3 2.1328
75.4 2.1224
75.5 2.08
75.6 2.1016
75.7 1.9688
75.8 2.0352
75.9 2.0656
76 2.0208
76.1 2.1152
76.2 2.1928
76.3 2.12
76.4 1.9576
76.5 2.0616
76.6 2.1224
76.7 2.204
76.8 2.0024
76.9 2.0512
77 2.0056
77.1 2.224
77.2 2.1192
77.3 2.0136
77.4 2.0968
77.5 2.1896
77.6 2.264
77.7 2.1088
77.8 2.0608
77.9 2.1856
78 2.1168
78.1 2.1264
78.2 2.0688
78.3 2.0048
78.4 2.1296
78.5 2.068
78.6 2.1472
78.7 2.0104
78.8 2.1168
78.9 2.0536
79 1.9648
79.1 2.0112
79.2 2.0416
79.3 2.1584
79.4 2.248
79.5 2.068
79.6 2.104
79.7 2.0928
79.8 2.1752
79.9 1.9784
80 2.02
80.1 2.1328
80.2 2.0304
80.3 1.8992
80.4 2.104
80.5 2.1168
80.6 2.0104
80.7 2.0928
80.8 2.0848
80.9 2.0592
81 2.08
81.1 2.0432
81.2 2.096
81.3 2.0504
81.4 2.0368
81.5 1.8616
81.6 2.0632
81.7 2.0976
81.8 2.1008
81.9 2.0536
82 2.2432
82.1 2.12
82.2 2.1032
82.3 2.0856
82.4 2.1376
82.5 2.0288
82.6 2.056
82.7 2.0264
82.8 2.076
82.9 2.1136
83 1.9832
83.1 2.0248
83.2 2.1328
83.3 2.1896
83.4 2.1064
83.5 2.0392
83.6 2.112
83.7 2.1464
83.8 2.0776
83.9 2.0216
84 2.0136
84.1 2.1152
84.2 2.0768
84.3 2.0224
84.4 2.1096
84.5 2.028
84.6 2.0896
84.7 2.296
84.8 2.0752
84.9 2.0312
85 2.1048
85.1 2.1496
85.2 1.9864
85.3 2.1472
85.4 2.004
85.5 2.176
85.6 2.2352
85.7 2.1536
85.8 2.0864
85.9 2.2176
86 2.0392
86.1 2.1032
86.2 2.1608
86.3 2.108
86.4 2.1072
86.5 2.0728
86.6 2.092
86.7 2.1072
86.8 2.08
86.9 2.1536
87 1.9304
87.1 2.0536
87.2 2.1064
87.3 2.0224
87.4 2.1792
87.5 2.0696
87.6 2.1336
87.7 2.1
87.8 2.064
87.9 2.0176
88 2.0704
88.1 2.1464
88.2 2.088
88.3 2.2136
88.4 2.1008
88.5 2.1544
88.6 1.9856
88.7 1.9648
88.8 2.0544
88.9 2.0288
89 2.0776
89.1 2.0496
89.2 2.0904
89.3 2.1552
89.4 2.1192
89.5 2.1048
89.6 2.0768
89.7 1.9584
89.8 1.964
89.9 2.0216
90 2.0896
90.1 2.1568
90.2 2.0864
90.3 2.0352
90.4 2.1144
90.5 2.1072
90.6 1.9648
90.7 1.9616
90.8 2.2952
90.9 2.1784
91 2.1136
91.1 2.0592
91.2 2.1264
91.3 1.9584
91.4 2.0576
91.5 2.1016
91.6 2.0544
91.7 2.0648
91.8 2.068
91.9 1.9536
92 2.1688
92.1 2.1464
92.2 2.076
92.3 2.0344
92.4 2.1336
92.5 2.1488
92.6 2.1248
92.7 2.1672
92.8 2.1024
92.9 2.0952
93 2.068
93.1 2.1656
93.2 2.1296
93.3 1.9424
93.4 2.0872
93.5 2.0296
93.6 2.14
93.7 2.168
93.8 2.1
93.9 2.0048
94 2.1848
94.1 2.1328
94.2 2.1672
94.3 2.0088
94.4 2.0472
94.5 2.0464
94.6 2.1728
94.7 2.1544
94.8 2.0464
94.9 2.1832
95 2.1192
95.1 2.028
95.2 2.128
95.3 2.2304
95.4 2.224
95.5 2.0192
95.6 2.0824
95.7 2.0144
95.8 2.1296
95.9 2.0776
96 2.164
96.1 1.9872
96.2 2.0984
96.3 2.0848
96.4 2.1208
96.5 2.1768
96.6 1.9856
96.7 2.2304
96.8 2.128
96.9 2.0008
97 2.1592
97.1 2.0248
97.2 1.9792
97.3 2.0944
97.4 2.104
97.5 2.0048
97.6 2.1584
97.7 2.0792
97.8 1.9856
97.9 2.104
98 2.212
98.1 2.1112
98.2 1.9816
98.3 1.9008
98.4 2.1944
98.5 2.048
98.6 2.0232
98.7 2.0592
98.8 2.1488
98.9 2.0808
99 1.9792
99.1 2.068
99.2 2.0208
99.3 2.1352
99.4 2.0768
99.5 1.9744
99.6 2.0296
99.7 2.1312
99.8 2.0688
99.9 2.2048
100 2.0056
100.1 2.0096
100.2 2.02
100.3 2.068
100.4 2.16
100.5 2.1664
100.6 2.1448
100.7 2.0792
100.8 1.9024
100.9 2.1744
101 2.0672
101.1 2.1176
101.2 2.064
101.3 2.092
101.4 2.1832
101.5 2.1024
101.6 2.1192
101.7 2.1416
101.8 2.224
101.9 2.0712
102 2.072
102.1 2.144
102.2 1.9336
102.3 2.1376
102.4 2.096
102.5 2.1888
102.6 2.1856
102.7 2.0888
102.8 2.0408
102.9 2.1456
103 2.0376
103.1 2.1336
103.2 2.1168
103.3 2.104
103.4 1.9776
103.5 2.0616
103.6 2.0488
103.7 2.0272
103.8 2.1168
103.9 2.0784
104 2.1416
104.1 2.1328
104.2 2.096
104.3 2.156
104.4 2.0224
104.5 2.0144
104.6 2.0184
104.7 2.0856
104.8 2.0248
104.9 2.0144
105 2.204
105.1 2.1664
105.2 2.0872
105.3 2.0776
105.4 1.8824
105.5 1.9176
105.6 2.0352
105.7 1.9984
105.8 2.0312
105.9 2.1208
106 1.9776
106.1 2.056
106.2 2.1792
106.3 2.1464
106.4 2.036
106.5 2.1096
106.6 2.1504
106.7 2.076
106.8 2.1504
106.9 1.9816
107 1.936
107.1 2.1304
107.2 2.2104
107.3 2.1488
107.4 2.0616
107.5 2.0232
107.6 1.9808
107.7 2.1032
107.8 2.0528
107.9 2.0968
108 2.0744
108.1 2.1584
108.2 2.0856
108.3 2.1136
108.4 1.9752
108.5 2.0904
108.6 2.0024
108.7 2.0704
108.8 2.0072
108.9 2.1408
109 2.0928
109.1 2.112
109.2 2.0792
109.3 2.1712
109.4 2.008
109.5 2.0712
109.6 2.1232
109.7 2.0648
109.8 2.1096
109.9 2.0872
110 2.1528
110.1 2.1352
110.2 1.9648
110.3 2.044
110.4 2.1296
110.5 2.2184
110.6 2.0408
110.7 2.0944
110.8 2.0728
110.9 2.2
111 2.1488
111.1 2.1864
111.2 2.1448
111.3 2.0088
111.4 2.1768
111.5 2.1104
111.6 2.076
111.7 2.0896
111.8 2.1728
111.9 2.1392
112 2.0704
112.1 2.0432
112.2 2.0256
112.3 2.0512
112.4 2.0592
112.5 2.0536
112.6 2.2472
112.7 2.0568
112.8 2.0816
112.9 2.04
113 2.008
113.1 2.1864
113.2 1.924
113.3 2.0608
113.4 2.1096
113.5 2.0688
113.6 2.1792
113.7 2.0352
113.8 2.0904
113.9 2.0688
114 2.02
114.1 2.0376
114.2 2.2088
114.3 2.0896
114.4 2.2032
114.5 2.0688
114.6 2.1208
114.7 2.0848
114.8 2.12
114.9 2.1248
115 2.0648
115.1 2.1552
115.2 2.16
115.3 2.1544
115.4 2.0872
115.5 2.0632
115.6 2.064
115.7 2.1184
115.8 2.1512
115.9 2.0808
116 2.1648
116.1 2.2104
116.2 2.196
116.3 2.1072
116.4 2.0944
116.5 1.96
116.6 2.2368
116.7 2.1624
116.8 2.1496
116.9 2.168
117 2.1408
117.1 2.0072
117.2 2.0896
117.3 2.1488
117.4 2.0288
117.5 2.0016
117.6 2.0128
117.7 2.076
117.8 1.9392
117.9 2.0792
118 1.9888
118.1 2.0272
118.2 1.924
118.3 2.0808
118.4 2.0456
118.5 2.0472
118.6 2.0304
118.7 2.0648
118.8 1.976
118.9 2.1024
119 2.032
119.1 2.112
119.2 2.0032
119.3 2.02
119.4 1.992
119.5 2.2416
119.6 2.1136
119.7 2.1072
119.8 2.1472
119.9 2.1072
120 2.0032
120.1 2.0392
120.2 2.1368
120.3 2.096
120.4 2.0152
120.5 2.1344
120.6 2.116
120.7 2.0976
120.8 1.9472
120.9 2.124
121 2.1096
121.1 2.2224
121.2 2.1024
121.3 2.0072
121.4 2.0936
121.5 2.0808
121.6 2.216
121.7 2.176
121.8 2.1808
121.9 2.0952
122 2.1288
122.1 2.1272
122.2 2.0784
122.3 2.112
122.4 2.0656
122.5 2.1272
122.6 2.1088
122.7 2.1504
122.8 2.1784
122.9 2.0672
123 1.8768
123.1 2.0616
123.2 2.0688
123.3 2.0832
123.4 2.0776
123.5 2.1264
123.6 2.08
123.7 2.0656
123.8 2.0048
123.9 2.0896
124 1.8952
124.1 2.1664
124.2 2.1184
124.3 2.0992
124.4 2.072
124.5 2.2432
124.6 2.132
124.7 2.0264
124.8 2.0128
124.9 2.2608
125 2.1592
125.1 2.1536
125.2 2.0728
125.3 2.0296
125.4 2.2088
125.5 2.0328
125.6 2.1624
125.7 2.1576
125.8 2.1456
125.9 2.1224
126 2.0664
126.1 2.1072
126.2 1.9144
126.3 2.1208
126.4 2.0528
126.5 2.0448
126.6 2.0808
126.7 1.96
126.8 2.1144
126.9 2.1384
127 2.1112
127.1 2.0672
127.2 1.9552
127.3 2.0296
127.4 1.9984
127.5 2.1248
127.6 2.1128
127.7 2.0648
127.8 2.104
127.9 2.0472
128 2.14
128.1 1.9776
128.2 2.0456
128.3 2.0256
128.4 2.04
128.5 2.2272
128.6 2.0864
128.7 2.1376
128.8 2.0288
128.9 2.1008
129 2.2768
129.1 2.068
129.2 2.0712
129.3 2.16
129.4 2.0856
129.5 2.0072
129.6 2.048
129.7 2.184
129.8 1.9944
129.9 2.0392
130 2.1368
130.1 2.0976
130.2 2.1432
130.3 2.1488
130.4 2.0744
130.5 2.0544
130.6 2.0616
130.7 2.112
130.8 2.0368
130.9 2.1264
131 2.028
131.1 2.0352
131.2 2.1432
131.3 2.0032
131.4 2.12
131.5 2.1656
131.6 2.0696
131.7 2.1192
131.8 2.1072
131.9 2.0808
132 2.0648
132.1 2.0728
132.2 2.0784
132.3 1.9952
132.4 1.9904
132.5 2.128
132.6 2.0704
132.7 2.1712
132.8 2.052
132.9 2.0424
133 2.064
133.1 2.0672
133.2 2.0464
133.3 2.2952
133.4 2.0384
133.5 1.9408
133.6 2.1984
133.7 1.9904
133.8 2.0832
133.9 2.2008
134 2.072
134.1 2.084
134.2 2.028
134.3 2.0048
134.4 2.2024
134.5 2.0584
134.6 2.136
134.7 2.056
134.8 2.2064
134.9 2.2
135 2.084
135.1 2.1672
135.2 2.1136
135.3 2.0016
135.4 2.088
135.5 2.0216
135.6 1.9592
135.7 2.02
135.8 2.0208
135.9 2.0456
136 2.0856
136.1 2.0832
136.2 2.06
136.3 2.0856
136.4 2.0984
136.5 2.0144
136.6 2.1464
136.7 2.0768
136.8 2.1104
136.9 1.9696
137 1.9848
137.1 2.1008
137.2 1.9968
137.3 2.1688
137.4 2.232
137.5 2.12
137.6 2.1424
137.7 2.0808
137.8 2.0384
137.9 2.1312
138 2.1728
138.1 2.0664
138.2 2.1776
138.3 2.0816
138.4 2.192
138.5 2.1232
138.6 1.9856
138.7 2.2344
138.8 2.1416
138.9 2.1392
139 1.9464
139.1 2.1008
139.2 2.1048
139.3 2.0256
139.4 2.032
139.5 2.0696
139.6 2.0576
139.7 2.0048
139.8 1.9976
139.9 2.0376
140 2.112
140.1 2.2112
140.2 2.1056
140.3 2.148
140.4 1.9792
140.5 2.12
140.6 2.0784
140.7 2.06
140.8 2.1328
140.9 1.972
141 2.1464
141.1 2.0408
141.2 2.1696
141.3 2.1616
141.4 2.0488
141.5 2.0632
141.6 2.1264
141.7 2.144
141.8 2.0592
141.9 1.94
142 2.0984
142.1 2.228
142.2 1.9848
142.3 2.1648
142.4 2.0856
142.5 2.0992
142.6 2.044
142.7 2.1752
142.8 2.276
142.9 2.204
143 2.0888
143.1 2.0352
143.2 2.0712
143.3 2.1976
143.4 2.2056
143.5 1.9864
143.6 1.988
143.7 2.1576
143.8 2.1464
143.9 2.2552
144 2.156
144.1 2.1416
144.2 2.1336
144.3 2.032
144.4 2.072
144.5 2.1632
144.6 2.0272
144.7 2.1072
144.8 2.0984
144.9 2.1568
145 2.0248
145.1 2.224
145.2 2.032
145.3 2.0808
145.4 2.2656
145.5 2.0936
145.6 2.2312
145.7 2.0336
145.8 1.9984
145.9 2.1016
146 2.128
146.1 2.0088
146.2 2.1336
146.3 1.9736
146.4 2.0376
146.5 2.0656
146.6 2.0944
146.7 2.1344
146.8 2.0264
146.9 2.0712
147 2.2008
147.1 2.24
147.2 2.2112
147.3 2.0496
147.4 2.1968
147.5 2.048
147.6 2.1896
147.7 2.2176
147.8 2.1056
147.9 2.1264
148 2.0792
148.1 2.0928
148.2 2.192
148.3 2.0632
148.4 2.168
148.5 1.936
148.6 2.016
148.7 2.1512
148.8 2.0616
148.9 2.1264
149 2.0128
149.1 2.124
149.2 2.1024
149.3 2.0824
149.4 2.1408
149.5 2.2112
149.6 2.1128
149.7 2.1992
149.8 2.0144
149.9 2.1016
150 2.2896
150.1 1.9576
150.2 2.1432
150.3 2.1352
150.4 2.0296
150.5 2.044
150.6 2.0808
150.7 1.9272
150.8 2.1384
150.9 1.9992
151 2.3096
151.1 2.2608
151.2 2.0424
151.3 2.064
151.4 2.1256
151.5 2.0744
151.6 2.064
151.7 2.212
151.8 2.1536
151.9 2.0792
152 1.996
152.1 2.176
152.2 2.1376
152.3 2.0616
152.4 2.0576
152.5 2.044
152.6 2.0904
152.7 2.0384
152.8 2.1248
152.9 2.1072
153 2.0808
153.1 2.1936
153.2 2.2512
153.3 1.9792
153.4 2.2192
153.5 2.2144
153.6 2.0696
153.7 1.9808
153.8 1.996
153.9 2.0984
154 2.0464
154.1 2.0448
154.2 1.9728
154.3 2.0552
154.4 2.2608
154.5 2.124
154.6 1.9976
154.7 2.216
154.8 2.1712
154.9 2.1472
155 2.0664
155.1 2.1064
155.2 2.188
155.3 2.152
155.4 2.0384
155.5 2.092
155.6 2.0712
155.7 1.984
155.8 2.0808
155.9 2.1712
156 2.2088
156.1 2.0784
156.2 2.156
156.3 2.136
156.4 2.0272
156.5 2.2296
156.6 2.088
156.7 2.0144
156.8 1.9952
156.9 2.1504
157 2.1424
157.1 2.1224
157.2 2.1552
157.3 2.2072
157.4 2.1376
157.5 2.08
157.6 2.1376
157.7 2.084
157.8 2.1016
157.9 2.1832
158 2.0104
158.1 1.9528
158.2 2.1264
158.3 2.1152
158.4 2.0472
158.5 2.0352
158.6 2.0336
158.7 2.2312
158.8 2.072
158.9 2.1528
159 2.1576
159.1 2.1816
159.2 2.1288
159.3 2.1368
159.4 2.1096
159.5 2.1184
159.6 2.0464
159.7 2.0912
159.8 2.1008
159.9 2.0088
160 2.0888
160.1 2.1088
160.2 2.1472
160.3 2.1352
160.4 2.0072
160.5 2.1976
160.6 2.12
160.7 2.1696
160.8 2.1
160.9 2.1368
161 2.1584
161.1 2.1488
161.2 2.2392
161.3 2.008
161.4 1.9904
161.5 2.136
161.6 2.192
161.7 2.0072
161.8 2.14
161.9 2.0864
162 2.1944
162.1 2.1376
162.2 2.0672
162.3 2.2104
162.4 2.1936
162.5 2.1056
162.6 2.1032
162.7 2.1384
162.8 2.1008
162.9 2.168
163 1.9944
163.1 2.0832
163.2 2.1512
163.3 2.2192
163.4 2.0504
163.5 2.0264
163.6 2.0496
163.7 2.0952
163.8 2.1104
163.9 2.0976
164 2.152
164.1 2.0664
164.2 2.048
164.3 2
164.4 2.0608
164.5 2.0216
164.6 1.9448
164.7 2.1144
164.8 2.1904
164.9 2.0288
165 2.1072
165.1 2.0616
165.2 2.0904
165.3 2.0712
165.4 2.0184
165.5 2.1
165.6 2.1176
165.7 2.2
165.8 2.0456
165.9 2.088
166 2.1464
166.1 2.0608
166.2 2.0032
166.3 2.12
166.4 1.9928
166.5 2.044
166.6 2.0264
166.7 2.152
166.8 2.0032
166.9 1.948
167 2.1792
167.1 2.0208
167.2 2.0592
167.3 2.1944
167.4 2.1552
167.5 2.112
167.6 2.112
167.7 2.0016
167.8 2.0224
167.9 2.1608
168 2.028
168.1 2.0696
168.2 2.1424
168.3 2.0888
168.4 2.0944
168.5 2.0184
168.6 2.2024
168.7 2.0576
168.8 2.132
168.9 2.1872
169 2.0496
169.1 2.0216
169.2 2.1232
169.3 2.1992
169.4 2.2192
169.5 2.072
169.6 1.9552
169.7 2.0704
169.8 2.112
169.9 1.9736
170 2.0056
170.1 2.0624
170.2 2.1184
170.3 2.0768
170.4 2.1376
170.5 2.1568
170.6 2.0224
170.7 2.1376
170.8 2.0984
170.9 2.0664
171 2.1096
171.1 2.1336
171.2 2.0984
171.3 2.0552
171.4 2.0904
171.5 2.0904
171.6 2.0296
171.7 2.1264
171.8 2.1728
171.9 2.168
172 2.0328
172.1 2.0592
172.2 2.1136
172.3 2.0912
172.4 2.1176
172.5 2.092
172.6 2.0872
172.7 2.1992
172.8 2.0416
172.9 2.216
173 2.0472
173.1 2.0584
173.2 2.1368
173.3 2.06
173.4 2.0328
173.5 2.0376
173.6 2.0832
173.7 2.1528
173.8 2.0728
173.9 2.0872
174 2.0712
174.1 2.0544
174.2 2.0792
174.3 2.0424
174.4 1.9768
174.5 2.048
174.6 2.012
174.7 2.116
174.8 2.18
174.9 1.9912
175 2.28
175.1 2.1424
175.2 2.1104
175.3 2.0936
175.4 2.0408
175.5 2.0432
175.6 2.0376
175.7 2.164
175.8 2.0592
175.9 2.1312
176 2.0312
176.1 2.1392
176.2 2.0496
176.3 2.1432
176.4 2.092
176.5 2.1896
176.6 2.136
176.7 2.0712
176.8 2.1592
176.9 2.2152
177 2.0888
177.1 2.2112
177.2 2.1312
177.3 2.0264
177.4 1.9888
177.5 1.9864
177.6 2.1472
177.7 2.076
177.8 2.2056
177.9 2.0656
178 2.0296
178.1 2.0816
178.2 2.0512
178.3 2.0856
178.4 2.0968
178.5 1.9952
178.6 2.0832
178.7 2.0864
178.8 2.1016
178.9 2.0144
179 2.1384
179.1 2.1592
179.2 2.1512
179.3 2.0696
179.4 2.0824
179.5 2.0816
179.6 2.1192
179.7 1.9712
179.8 2.0856
179.9 2.1128
180 2.0792
180.1 2.1176
180.2 1.9768
180.3 2.0976
180.4 2.176
180.5 1.9272
180.6 2.0048
180.7 2.18
180.8 2.212
180.9 2.1216
181 2.168
181.1 2.1424
181.2 2.1208
181.3 2.1096
181.4 2.1712
181.5 2.0872
181.6 2.0952
181.7 2.0112
181.8 1.8984
181.9 1.9912
182 2.14
182.1 2.2328
182.2 2.1264
182.3 2.0848
182.4 2.1872
182.5 2.1864
182.6 2.1424
182.7 2.0808
182.8 1.9968
182.9 2.1472
183 2.0552
183.1 2.1144
183.2 2.0624
183.3 2.124
183.4 2.164
183.5 2.1264
183.6 2.1016
183.7 1.9968
183.8 1.968
183.9 2.1488
184 2.1608
184.1 2.1208
184.2 2.136
184.3 2.148
184.4 2.0736
184.5 2.0992
184.6 2.0128
184.7 2.056
184.8 2.0776
184.9 2.0688
185 2.0584
185.1 2.0456
185.2 2.196
185.3 2.06
185.4 2.012
185.5 1.96
185.6 2.14
185.7 2.008
185.8 2.0624
185.9 1.996
186 1.988
186.1 2.12
186.2 2.1408
186.3 2.0872
186.4 2.048
186.5 2.0616
186.6 1.9728
186.7 2.2056
186.8 2.004
186.9 2.0248
187 2.0736
187.1 2.0792
187.2 2.008
187.3 2.1056
187.4 2.2576
187.5 2.1448
187.6 2.0736
187.7 2.1128
187.8 2.1256
187.9 2.0248
188 2.2592
188.1 2.136
188.2 2.0528
188.3 2.1384
188.4 2.1648
188.5 2.0464
188.6 1.9816
188.7 2.0464
188.8 2.18
188.9 2.1528
189 2.1208
189.1 2.1944
189.2 1.9656
189.3 2.0432
189.4 2.1048
189.5 2.1696
189.6 1.988
189.7 2.168
189.8 2.0392
189.9 2.1776
190 2.0336
190.1 2.0688
190.2 2.1128
190.3 2.2776
190.4 2.0832
190.5 1.9968
190.6 2.0992
190.7 2.1424
190.8 2.0992
190.9 1.964
191 2.108
191.1 2.1144
191.2 2.1208
191.3 2.0192
191.4 2.0672
191.5 2.0792
191.6 2.2776
191.7 2.1792
191.8 2.0616
191.9 2.0568
192 2.1576
192.1 2.0544
192.2 2.1008
192.3 2.08
192.4 1.9712
192.5 1.9832
192.6 2.092
192.7 2.0288
192.8 2.1688
192.9 2.0616
193 2.216
193.1 2.276
193.2 2.0616
193.3 2.0728
193.4 2.1376
193.5 2.1432
193.6 2.0608
193.7 2.072
193.8 2.2568
193.9 2.028
194 2.1648
194.1 2.224
194.2 2.0928
194.3 2.0328
194.4 2.212
194.5 2.1144
194.6 2.24
194.7 2.0848
194.8 1.9824
194.9 2.1264
195 1.9248
195.1 2.28
195.2 2.0288
195.3 2.216
195.4 2.0576
195.5 1.9616
195.6 2.18
195.7 2.2768
195.8 1.9968
195.9 2.032
196 2.1544
196.1 2.0352
196.2 2.0216
196.3 1.9832
196.4 2.0792
196.5 2.1192
196.6 2.0656
196.7 2.1448
196.8 1.9824
196.9 1.9928
197 2.1544
197.1 2.14
197.2 2.044
197.3 2.2168
197.4 2.1208
197.5 2.0568
197.6 2.2168
197.7 2.1376
197.8 2.072
197.9 1.9784
198 1.9712
198.1 2.14
198.2 2.1864
198.3 1.996
198.4 2.0712
198.5 1.9936
198.6 2.1912
198.7 2.1648
198.8 2.164
198.9 2.1536
199 2.04
199.1 1.9872
199.2 2.2832
199.3 2.0304
199.4 2.1928
199.5 1.9048
199.6 1.956
199.7 2.1976
199.8 1.8384
199.9 2.1136
200 1.0984
