12.8 0.0352
13.1 0.02
13.3 0.052
13.5 0.0088
13.6 0.02
13.7 0.0288
13.8 0.0672
13.9 0.0264
14 0.0224
14.1 0.08
14.2 0.0648
14.3 0.0848
14.4 0.2624
14.5 0.1248
14.6 0.2024
14.7 0.1368
14.8 0.1944
14.9 0.224
15 0.312
15.1 0.4536
15.2 0.3
15.3 0.5016
15.4 0.3784
15.5 0.3968
15.6 0.5832
15.7 0.4672
15.8 0.6224
15.9 0.524
16 0.4472
16.1 0.6048
16.2 0.848
16.3 0.796
16.4 0.8376
16.5 0.8816
16.6 1.1016
16.7 0.9744
16.8 1.1576
16.9 1.252
17 1.284
17.1 1.5896
17.2 1.3624
17.3 1.34
17.4 1.2072
17.5 1.5496
17.6 1.5368
17.7 1.344
17.8 1.5472
17.9 1.5272
18 1.768
18.1 1.6736
18.2 1.832
18.3 1.7472
18.4 1.736
18.5 1.824
18.6 1.9096
18.7 1.6368
18.8 1.956
18.9 1.696
19 2.2784
19.1 1.8224
19.2 2.368
19.3 2.272
19.4 2.0408
19.5 2.124
19.6 2.244
19.7 2.5208
19.8 1.9992
19.9 2.368
20 2.3904
20.1 2.4864
20.2 2.54
20.3 2.1008
20.4 2.4416
20.5 2.672
20.6 2.304
20.7 2.4616
20.8 2.1232
20.9 1.9952
21 2.4488
21.1 2.0848
21.2 2.5904
21.3 2.528
21.4 2.5952
21.5 2.3888
21.6 2.7448
21.7 2.4648
21.8 2.808
21.9 2.912
22 2.552
22.1 2.5728
22.2 2.9032
22.3 2.5192
22.4 2.6944
22.5 2.8168
22.6 3.0712
22.7 2.7816
22.8 2.2888
22.9 2.7248
23 2.9688
23.1 2.6704
23.2 2.7128
23.3 2.9072
23.4 2.7288
23.5 3.1736
23.6 2.7536
23.7 2.7968
23.8 2.8096
23.9 2.9304
24 2.9128
24.1 2.9576
24.2 2.9344
24.3 2.9096
24.4 2.764
24.5 2.6912
24.6 2.8976
24.7 2.9232
24.8 3.2016
24.9 3.0808
25 2.9456
25.1 3.072
25.2 2.904
25.3 2.8048
25.4 2.988
25.5 2.9904
25.6 3.0984
25.7 2.7696
25.8 2.932
25.9 2.8112
26 2.668
26.1 2.8008
26.2 2.984
26.3 2.6896
26.4 2.8976
26.5 2.84
26.6 2.8792
26.7 2.9312
26.8 2.7416
26.9 2.664
27 2.7208
27.1 2.896
27.2 2.5496
27.3 2.8232
27.4 2.9144
27.5 2.6864
27.6 2.6264
27.7 2.6872
27.8 2.5784
27.9 2.6896
28 2.6792
28.1 2.8776
28.2 2.6704
28.3 2.724
28.4 2.6528
28.5 2.5904
28.6 2.7256
28.7 2.5808
28.8 2.4736
28.9 2.7808
29 2.5288
29.1 2.6448
29.2 2.6064
29.3 2.7104
29.4 2.5632
29.5 2.6008
29.6 2.4584
29.7 2.5184
29.8 2.5208
29.9 2.6256
30 2.4112
30.1 2.3592
30.2 2.4992
30.3 2.5208
30.4 2.4816
30.5 2.456
30.6 2.4976
30.7 2.4584
30.8 2.4336
30.9 2.3528
31 2.272
31.1 2.2536
31.2 2.3456
31.3 2.0232
31.4 2.1904
31.5 2.204
31.6 2.2256
31.7 2.192
31.8 2.368
31.9 2.392
32 2.2088
32.1 2.1304
32.2 2.2896
32.3 2.1248
32.4 2.128
32.5 2.2696
32.6 2.2208
32.7 2.2912
32.8 2.2224
32.9 2.4216
33 2.1648
33.1 2.1568
33.2 2.2936
33.3 2.0856
33.4 2.3896
33.5 2.3272
33.6 2.0752
33.7 2.4224
33.8 2.192
33.9 2.2136
34 2.0496
34.1 2.08
34.2 2.16
34.3 2.34
34.4 2.2768
34.5 2.072
34.6 2.196
34.7 2.1912
34.8 2.2224
34.9 2.2008
35 2.2384
35.1 2.208
35.2 2.1488
35.3 2.2256
35.4 2.132
35.5 2.1936
35.6 2.0792
35.7 2.0912
35.8 2.1784
35.9 2.192
36 2.1512
36.1 2.1432
36.2 2.1056
36.3 2.1544
36.4 2.172
36.5 1.9904
36.6 2.2032
36.7 2.1176
36.8 1.9832
36.9 2.0912
37 2.2048
37.1 2.2176
37.2 1.9768
37.3 2.1304
37.4 2.0744
37.5 2.084
37.6 2.2952
37.7 2.0728
37.8 2.2032
37.9 2.14
38 2.0552
38.1 2.0984
38.2 2.0272
38.3 2.0936
38.4 2.0208
38.5 2.1584
38.6 2.2064
38.7 2.1776
38.8 2.08
38.9 2.2056
39 2.0096
39.1 2.1552
39.2 2.0816
39.3 2.2696
39.4 2.1088
39.5 2.1608
39.6 2.0448
39.7 2.1408
39.8 2.1136
39.9 2.1368
40 2.1544
40.1 2.1336
40.2 2.1528
40.3 2.1728
40.4 2.1848
40.5 2.108
40.6 2.0848
40.7 2.128
40.8 2.204
40.9 2.1032
41 2.1456
41.1 2.092
41.2 2.0616
41.3 2.0232
41.4 2.1144
41.5 2.0928
41.6 2.1864
41.7 2.1608
41.8 2.0488
41.9 2.1344
42 2.0608
42.1 2.0528
42.2 2.0464
42.3 1.9568
42.4 2.1024
42.5 2.1384
42.6 2.0768
42.7 2.0888
42.8 2.02
42.9 2.0424
43 2.0368
43.1 2.1688
43.2 2.0952
43.3 2.1512
43.4 2.0976
43.5 2.1224
43.6 2.1616
43.7 2.3168
43.8 2.048
43.9 1.996
44 2.0512
44.1 1.9592
44.2 2.0168
44.3 2.0744
44.4 2.2032
44.5 2.0088
44.6 2.208
44.7 2.104
44.8 2.1512
44.9 2.112
45 2.1168
45.1 2.1984
45.2 2.144
45.3 2.048
45.4 1.9976
45.5 1.9784
45.6 2.0968
45.7 2.2264
45.8 2.072
45.9 2.1024
46 2.16
46.1 2.0064
46.2 2.1192
46.3 1.9832
46.4 2.2624
46.5 2.168
46.6 2.1376
46.7 2.1656
46.8 2.052
46.9 2.0824
47 2.124
47.1 2.1472
47.2 2.0576
47.3 2.144
47.4 2.1848
47.5 2.0952
47.6 2.1504
47.7 2.1472
47.8 2.1688
47.9 2.076
48 2.028
48.1 2.096
48.2 2.1352
48.3 2.0688
48.4 2.124
48.5 2.1136
48.6 2.0936
48.7 2.1744
48.8 2.2224
48.9 2.0984
49 2.068
49.1 2.128
49.2 2.02
49.3 2.2216
49.4 2.0528
49.5 2.1752
49.6 2.1016
49.7 2.0536
49.8 2.0808
49.9 2.1976
50 2.1944
50.1 2.0624
50.2 2.0896
50.3 2.0968
50.4 2.0112
50.5 2.1616
50.6 2.084
50.7 2.0728
50.8 2.1744
50.9 2.156
51 2.1224
51.1 2.1848
51.2 2.1592
51.3 2.1528
51.4 2.1864
51.5 2.1144
51.6 2.0848
51.7 2.124
51.8 2.1552
51.9 2.1432
52 2.0944
52.1 2.112
52.2 2.02
52.3 2.0568
52.4 2.1272
52.5 2.2696
52.6 2.1096
52.7 2.2264
52.8 2.0904
52.9 2.1304
53 2.1384
53.1 2.1016
53.2 2.0784
53.3 2.1824
53.4 2.124
53.5 2.0576
53.6 1.9608
53.7 2.032
53.8 2.168
53.9 2.1464
54 2.2504
54.1 2.0728
54.2 2.1904
54.3 2.1616
54.4 2.088
54.5 2.0824
54.6 2.0472
54.7 2.0872
54.8 2.1344
54.9 2.004
55 2.0312
55.1 2.12
55.2 2.1136
55.3 2.0424
55.4 1.9784
55.5 1.9928
55.6 2.0352
55.7 2.0496
55.8 2.1752
55.9 2.0056
56 2.1312
56.1 2.1384
56.2 2.1088
56.3 2.1112
56.4 1.9976
56.5 2.1024
56.6 2.1496
56.7 2.1152
56.8 2.0704
56.9 2.1576
57 2.2552
57.1 2.0872
57.2 2.0112
57.3 2.1296
57.4 2.1728
57.5 2.1712
57.6 2.056
57.7 1.9616
57.8 2.2256
57.9 2.1264
58 2.0648
58.1 2.1376
58.2 2.1016
58.3 2.1104
58.4 2.2192
58.5 2.1512
58.6 2.176
58.7 2.1768
58.8 2.2288
58.9 2.1032
59 2.224
59.1 2.0984
59.2 2.1208
59.3 2.2808
59.4 2.276
59.5 2.1024
59.6 2.1008
59.7 2.1464
59.8 2.1816
59.9 2.2048
60 2.0712
60.1 2.1984
60.2 2.1728
60.3 2.0904
60.4 2.1704
60.5 2.0232
60.6 2.108
60.7 2.2272
60.8 2.1848
60.9 2.164
61 2.172
61.1 2.036
61.2 2.068
61.3 2.1472
61.4 2.0832
61.5 2.0296
61.6 2.1616
61.7 2.0336
61.8 2.2416
61.9 2.0936
62 2.1336
62.1 2.1992
62.2 2.1952
62.3 2.0416
62.4 2.232
62.5 2.088
62.6 2.1184
62.7 2.1848
62.8 2.1688
62.9 2.0768
63 2.1232
63.1 2.1824
63.2 2.216
63.3 2.152
63.4 2.0704
63.5 2.1144
63.6 2.188
63.7 2.1712
63.8 2.132
63.9 2.0672
64 2.2152
64.1 2.06
64.2 2.116
64.3 2.1848
64.4 2.192
64.5 1.9808
64.6 2.0208
64.7 2.1872
64.8 2.0152
64.9 2.0552
65 2.2024
65.1 2.1976
65.2 2.0816
65.3 2.0552
65.4 2.0872
65.5 2.1016
65.6 2.216
65.7 2.1736
65.8 2.2536
65.9 2.1784
66 2.1776
66.1 2.18
66.2 2.2736
66.3 2.0328
66.4 2.0376
66.5 2.0352
66.6 2.0656
66.7 2.1808
66.8 2.2368
66.9 2.196
67 2.0288
67.1 2.0808
67.2 2.0584
67.3 2.128
67.4 1.9824
67.5 2.2536
67.6 2.0256
67.7 2.0536
67.8 2.1752
67.9 2.1272
68 2.1336
68.1 2.0736
68.2 2.2
68.3 2.0336
68.4 2.1168
68.5 2.1512
68.6 2.06
68.7 2.096
68.8 2.284
68.9 2.056
69 2.228
69.1 2.1152
69.2 2.0904
69.3 2.1008
69.4 2.1112
69.5 2.0472
69.6 2.1856
69.7 2.1648
69.8 2.228
69.9 2.1712
70 2.1936
70.1 2.1624
70.2 2.1848
70.3 2.1312
70.4 2.088
70.5 2.2456
70.6 2.0464
70.7 2.1112
70.8 2.2176
70.9 2.1536
71 2.1952
71.1 2.1848
71.2 2.296
71.3 2.1312
71.4 2.048
71.5 2.0184
71.6 2.2968
71.7 2.1384
71.8 2.1072
71.9 2.1992
72 2.268
72.1 2.26
72.2 2.2472
72.3 2.1464
72.4 2.1752
72.5 2.1944
72.6 2.1912
72.7 2.108
72.8 2.0504
72.9 2.2048
73 2.048
73.1 2.068
73.2 2.2472
73.3 2.1648
73.4 2.1104
73.5 2.2664
73.6 2.2496
73.7 2.2432
73.8 2.2104
73.9 2.1096
74 2.2192
74.1 2.1936
74.2 1.9808
74.3 2.232
74.4 2.2072
74.5 2.096
74.6 2.0704
74.7 2.1064
74.8 2.072
74.9 2.1016
75 1.948
75.1 2.1824
75.2 2.236
75.3 2.1872
75.4 2.156
75.5 1.9904
75.6 2.0872
75.7 2.1064
75.8 2.248
75.9 2.1448
76 2.0096
76.1 2.1672
76.2 2.14
76.3 2.0808
76.4 2.1224
76.5 2.2
76.6 2.1056
76.7 2.2152
76.8 2.2048
76.9 2.1232
77 2.2024
77.1 2.1496
77.2 2.0904
77.3 2.192
77.4 2.2336
77.5 2.2472
77.6 2.1464
77.7 2.1792
77.8 2.2584
77.9 2.1032
78 2.1648
78.1 2.1704
78.2 2.1864
78.3 2.1848
78.4 2.1992
78.5 2.2008
78.6 2.1208
78.7 2.1136
78.8 2.2328
78.9 2.1392
79 2.2032
79.1 2.1024
79.2 2.148
79.3 2.1304
79.4 2.1456
79.5 2.1264
79.6 2.2448
79.7 2.336
79.8 2.1696
79.9 2.12
80 2.1792
80.1 2.1568
80.2 2.1512
80.3 1.9768
80.4 2.1264
80.5 2.2952
80.6 2.1568
80.7 2.0152
80.8 2.1696
80.9 2.2072
81 2.0728
81.1 2.128
81.2 2.1648
81.3 2.2672
81.4 2.1528
81.5 2.2456
81.6 2.1784
81.7 2.3184
81.8 2.1712
81.9 2.0848
82 2.136
82.1 2.1344
82.2 2.1664
82.3 2.0712
82.4 2.1312
82.5 2.116
82.6 2.172
82.7 2.168
82.8 2.2664
82.9 2.1376
83 2.1272
83.1 2.0872
83.2 2.0816
83.3 2.1112
83.4 2.0976
83.5 1.9784
83.6 2.1088
83.7 2.184
83.8 2.1232
83.9 2.1304
84 2.1056
84.1 2.1984
84.2 2.1656
84.3 2.1232
84.4 2.0888
84.5 2.2624
84.6 2.176
84.7 2.2248
84.8 2.0704
84.9 2.244
85 2.2376
85.1 2.2336
85.2 2.2376
85.3 2.1344
85.4 2.1184
85.5 2.2408
85.6 2.3672
85.7 2.1392
85.8 2.088
85.9 2.1008
86 2.1608
86.1 2.1416
86.2 2.0824
86.3 2.2072
86.4 2.208
86.5 2.3296
86.6 2.1696
86.7 2.1128
86.8 2.3136
86.9 2.2336
87 2.18
87.1 2.1688
87.2 2.0848
87.3 2.1344
87.4 2.132
87.5 2.184
87.6 2.2792
87.7 2.0424
87.8 2.2968
87.9 2.1096
88 2.0928
88.1 2.1744
88.2 2.0656
88.3 2.1912
88.4 2.1744
88.5 2.2136
88.6 2.108
88.7 2.2688
88.8 2.1504
88.9 2.2272
89 2.0424
89.1 2.1728
89.2 2.2144
89.3 2.1496
89.4 2.0648
89.5 2.1544
89.6 2.1664
89.7 2.1248
89.8 2.1392
89.9 2.2592
90 2.1576
90.1 2.2112
90.2 2.1504
90.3 2.1344
90.4 2.1064
90.5 2.1384
90.6 2.2416
90.7 2.1632
90.8 2.1464
90.9 2.1312
91 2.1624
91.1 2.0808
91.2 2.2096
91.3 2.2872
91.4 2.1472
91.5 2.248
91.6 2.032
91.7 2.128
91.8 2.1552
91.9 2.1744
92 2.072
92.1 2.2664
92.2 2.2048
92.3 2.0736
92.4 2.1664
92.5 2.1392
92.6 2.1608
92.7 2.168
92.8 2.0208
92.9 2.0976
93 2.2736
93.1 2.1288
93.2 2.256
93.3 2.1456
93.4 2.1456
93.5 2.16
93.6 2.1048
93.7 2.1296
93.8 2.1784
93.9 2.072
94 2.176
94.1 2.0736
94.2 2.0648
94.3 2.2328
94.4 2.1424
94.5 2.2272
94.6 2.2624
94.7 2.336
94.8 2.224
94.9 2.2392
95 2.204
95.1 2.1888
95.2 2.1328
95.3 2.0992
95.4 2.1136
95.5 2.0232
95.6 2.3008
95.7 2.1488
95.8 2.2896
95.9 2.1536
96 2.1352
96.1 2.0872
96.2 2.1808
96.3 1.9984
96.4 2.192
96.5 2.2344
96.6 2.2176
96.7 2.1088
96.8 2.228
96.9 2.2272
97 2.0304
97.1 2.1008
97.2 2.1064
97.3 2.1984
97.4 2.128
97.5 1.9896
97.6 2.104
97.7 2.1264
97.8 2.1248
97.9 2.0904
98 2.3792
98.1 2.0144
98.2 2.1088
98.3 2.0824
98.4 2.0824
98.5 2.1664
98.6 2.0784
98.7 2.0416
98.8 2.12
98.9 2.1952
99 2.2112
99.1 2.0608
99.2 2.0488
99.3 2.1832
99.4 2.1672
99.5 1.9752
99.6 2.128
99.7 2.1016
99.8 2.2296
99.9 2.1168
100 2.16
100.1 2.2608
100.2 2.232
100.3 2.1472
100.4 2.164
100.5 2.1504
100.6 2.076
100.7 2.04
100.8 2.06
100.9 2.1312
101 2.1512
101.1 2.1584
101.2 2.1392
101.3 2.096
101.4 2.0992
101.5 2.1896
101.6 2.1016
101.7 2.0304
101.8 2.1248
101.9 2.0256
102 2.2056
102.1 2.2
102.2 2.2016
102.3 2.1192
102.4 2.1352
102.5 2.1312
102.6 2.0928
102.7 2.1048
102.8 2.1248
102.9 2.0488
103 2.1104
103.1 2.104
103.2 2.1752
103.3 2.0888
103.4 2.2264
103.5 2.1472
103.6 2.1544
103.7 2.1976
103.8 2.2072
103.9 2.1608
104 2.2216
104.1 2.2008
104.2 2.1296
104.3 2.0048
104.4 2.1712
104.5 2.0904
104.6 2.048
104.7 2.2984
104.8 2.1304
104.9 2.0984
105 2.2072
105.1 2.2032
105.2 1.9568
105.3 2.1848
105.4 2.08
105.5 2.1024
105.6 2.0672
105.7 2.0968
105.8 2.2112
105.9 2.0848
106 2.2256
106.1 2.1136
106.2 2.1696
106.3 2.1296
106.4 2.0784
106.5 2.1464
106.6 2.084
106.7 2.0216
106.8 2.1472
106.9 2.0824
107 2.1544
107.1 2.2088
107.2 2.1384
107.3 2.1848
107.4 2.1728
107.5 2.2464
107.6 2.0808
107.7 2.1392
107.8 2.0512
107.9 2.0712
108 2.1896
108.1 2.1336
108.2 2.0784
108.3 2.24
108.4 2.1696
108.5 2.1064
108.6 2.2824
108.7 2.2224
108.8 2.1888
108.9 2.0448
109 2.1104
109.1 2.0576
109.2 2.0856
109.3 2.1336
109.4 2.1856
109.5 2.2224
109.6 2.1696
109.7 2.0872
109.8 2.1552
109.9 2.1992
110 2.0752
110.1 2.1192
110.2 2.1344
110.3 2.0648
110.4 2.2608
110.5 2.0256
110.6 2.128
110.7 2.128
110.8 2.1768
110.9 2.0904
111 2.1808
111.1 2.2104
111.2 2.2256
111.3 2.2464
111.4 2.148
111.5 2.0744
111.6 2.1024
111.7 2.1536
111.8 2.1072
111.9 2.1296
112 2.0152
112.1 2.2488
112.2 2.2
112.3 2.0664
112.4 2.1432
112.5 2.208
112.6 2.1216
112.7 2.132
112.8 2.156
112.9 2.1504
113 2.1896
113.1 2.0904
113.2 2.1168
113.3 2.1624
113.4 2.1264
113.5 2.0696
113.6 2.104
113.7 1.9904
113.8 2.2376
113.9 2.144
114 2.048
114.1 2.1168
114.2 2.1336
114.3 2.1304
114.4 2.1376
114.5 2.0048
114.6 2.1376
114.7 2.0392
114.8 2.16
114.9 2.1584
115 2.156
115.1 2.0392
115.2 2.1232
115.3 2.0968
115.4 2.0592
115.5 2.168
115.6 2.1984
115.7 2.452
115.8 2.156
115.9 2.132
116 2.1312
116.1 1.9432
116.2 2.2376
116.3 2.1432
116.4 2.3088
116.5 2.16
116.6 2.1248
116.7 2.3344
116.8 2.0696
116.9 2.1784
117 2.1416
117.1 2.0072
117.2 1.9784
117.3 2.0224
117.4 2.132
117.5 2.0648
117.6 2.2896
117.7 2.0736
117.8 2.1184
117.9 1.9976
118 2.1192
118.1 2.0776
118.2 2.048
118.3 2.2392
118.4 2.0928
118.5 2.2216
118.6 2.1392
118.7 2.1408
118.8 2.1744
118.9 2.0712
119 2.0232
119.1 2.1904
119.2 2.1576
119.3 2.092
119.4 2.0728
119.5 2.1896
119.6 2.1728
119.7 2.1448
119.8 2.176
119.9 2.2032
120 2.2648
120.1 2.1784
120.2 2.0976
120.3 2.1616
120.4 2.1256
120.5 2.1928
120.6 2.2352
120.7 2.2024
120.8 2.1024
120.9 2.084
121 2.1472
121.1 2.124
121.2 2.192
121.3 2.0784
121.4 2.1408
121.5 2.1
121.6 2.1616
121.7 2.0632
121.8 2.132
121.9 2.2656
122 2.1112
122.1 2.2072
122.2 2.2928
122.3 2.1696
122.4 2.1992
122.5 2.0576
122.6 2.1072
122.7 2.276
122.8 2.1
122.9 2.1984
123 2.1552
123.1 2.0928
123.2 2.136
123.3 2.14
123.4 2.0584
123.5 2.0776
123.6 2.2088
123.7 2.1792
123.8 2.2568
123.9 2.1584
124 2.0656
124.1 2.1536
124.2 2.2128
124.3 2.1264
124.4 2.2312
124.5 2.1912
124.6 2.1656
124.7 2.204
124.8 2.18
124.9 2.1576
125 2.1512
125.1 2.0832
125.2 2.1712
125.3 2.1432
125.4 2.2288
125.5 2.3016
125.6 2.044
125.7 2.1672
125.8 2.1736
125.9 2.048
126 2.048
126.1 2.1104
126.2 2.1392
126.3 2.0744
126.4 2.2248
126.5 2.1632
126.6 1.9944
126.7 1.9264
126.8 2.216
126.9 2.2632
127 2.1488
127.1 2.1712
127.2 2.1768
127.3 2.084
127.4 2.1336
127.5 2.1448
127.6 2.1776
127.7 2.1424
127.8 2.1272
127.9 2.1488
128 2.1376
128.1 2.136
128.2 2.2464
128.3 2.1272
128.4 2.2392
128.5 2.1176
128.6 2.1936
128.7 2.2
128.8 2.1744
128.9 2.1288
129 2.3016
129.1 2.204
129.2 2.1064
129.3 2.0232
129.4 2.1432
129.5 2.2528
129.6 2.1488
129.7 2.1352
129.8 2.148
129.9 2.1864
130 2.1264
130.1 2.1136
130.2 2.1464
130.3 2.0432
130.4 2.0232
130.5 2.2336
130.6 2.1096
130.7 2.0384
130.8 2.1768
130.9 2.1408
131 2.1408
131.1 2.2232
131.2 2.1656
131.3 2.1896
131.4 2.2936
131.5 2.1608
131.6 2.2568
131.7 2.1472
131.8 2.1656
131.9 2.1552
132 2.2
132.1 2.1304
132.2 2.2328
132.3 2.2064
132.4 2.1848
132.5 2.1104
132.6 2.204
132.7 2.1832
132.8 2.1416
132.9 2.2224
133 2.0856
133.1 2.1496
133.2 2.2552
133.3 2.0616
133.4 2.2168
133.5 2.2728
133.6 2.056
133.7 2.116
133.8 2.2472
133.9 2.1792
134 2.0312
134.1 2.1312
134.2 2.1648
134.3 2.0952
134.4 2.1312
134.5 2.1488
134.6 2.1144
134.7 2.0112
134.8 2.0896
134.9 2.2312
135 2.1776
135.1 2.2184
135.2 2.0696
135.3 2.1552
135.4 2.2392
135.5 2.212
135.6 2.1672
135.7 2.0944
135.8 2.2056
135.9 2.1688
136 2.0872
136.1 2.1816
136.2 2.1808
136.3 2.2576
136.4 2.1848
136.5 2.16
136.6 2.1336
136.7 2.144
136.8 2.1312
136.9 2.152
137 2.1592
137.1 1.9896
137.2 2.2192
137.3 2.24
137.4 2.2344
137.5 2.1584
137.6 2.1344
137.7 2.1952
137.8 2.124
137.9 2.1312
138 2.1312
138.1 2.272
138.2 2.1008
138.3 2.1656
138.4 2.196
138.5 2.1744
138.6 2.0752
138.7 2.1288
138.8 2.1016
138.9 2.2696
139 2.088
139.1 2.1592
139.2 2.244
139.3 2.1472
139.4 2.1504
139.5 2.1896
139.6 2.1936
139.7 2.0632
139.8 2.1816
139.9 2.2096
140 2.1304
140.1 2.056
140.2 2.1872
140.3 2.0352
140.4 2.0944
140.5 2.1896
140.6 2.1008
140.7 2.2312
140.8 2.0912
140.9 2.2632
141 2.1552
141.1 2.1056
141.2 2.1768
141.3 2.1912
141.4 2.0672
141.5 2.156
141.6 2.152
141.7 2.1632
141.8 2.068
141.9 2.1064
142 2.1488
142.1 2.1048
142.2 2.252
142.3 2.1224
142.4 2.1912
142.5 2.1432
142.6 2.116
142.7 2.1616
142.8 2.176
142.9 2.1656
143 2.2136
143.1 2.0952
143.2 2.2352
143.3 2.2712
143.4 2.2432
143.5 2.068
143.6 2.2008
143.7 2.2064
143.8 2.2528
143.9 2.0704
144 2.1656
144.1 2.1456
144.2 2.1704
144.3 2.1248
144.4 1.9896
144.5 2.2248
144.6 2.1312
144.7 2.1656
144.8 2.1704
144.9 2.1568
145 2.1744
145.1 2.2312
145.2 2.2712
145.3 2.212
145.4 2.1512
145.5 2.2552
145.6 2.2288
145.7 2.172
145.8 2.0904
145.9 2.0616
146 2.1944
146.1 2.1992
146.2 2.1368
146.3 2.1072
146.4 2.2584
146.5 2.1824
146.6 2.2048
146.7 2.156
146.8 2.092
146.9 2.256
147 2.2128
147.1 2.148
147.2 2.2376
147.3 2.0488
147.4 2.1168
147.5 2.088
147.6 2.3232
147.7 2.108
147.8 2.1736
147.9 2.2784
148 2.192
148.1 2.2752
148.2 2.1288
148.3 2.0344
148.4 2.0952
148.5 2.1656
148.6 2.2696
148.7 2.1528
148.8 2.1728
148.9 2.2632
149 2.1728
149.1 2.1408
149.2 2.1296
149.3 2.2152
149.4 2.1168
149.5 2.2128
149.6 2.1368
149.7 2.132
149.8 2.1872
149.9 2.0968
150 2.1016
150.1 2.2512
150.2 2.0336
150.3 2.2264
150.4 2.1576
150.5 2.3056
150.6 2.1704
150.7 2.2416
150.8 2.088
150.9 2.1968
151 2.264
151.1 2.2672
151.2 2.204
151.3 2.1408
151.4 2.208
151.5 2.2112
151.6 2.184
151.7 2.1744
151.8 2.1456
151.9 2.1864
152 2.088
152.1 2.3016
152.2 2.2544
152.3 2.1632
152.4 2.3344
152.5 2.1192
152.6 2.1064
152.7 2.144
152.8 2.2296
152.9 2.1368
153 2.208
153.1 2.288
153.2 2.0984
153.3 2.1184
153.4 2.172
153.5 2.2048
153.6 2.3208
153.7 2.3072
153.8 2.2088
153.9 2.1496
154 2.1952
154.1 2.2192
154.2 2.1488
154.3 2.2608
154.4 2.1688
154.5 2.2456
154.6 2.1656
154.7 2.084
154.8 2.192
154.9 2.2848
155 2.1888
155.1 2.1688
155.2 2.0928
155.3 2.1448
155.4 2.1624
155.5 2.2008
155.6 2.0856
155.7 2.2592
155.8 2.1424
155.9 2.0096
156 2.2952
156.1 2.2184
156.2 2.0936
156.3 2.2936
156.4 2.0864
156.5 2.1968
156.6 2.2408
156.7 2.1392
156.8 2.272
156.9 2.1936
157 2.04
157.1 2.2064
157.2 2.2256
157.3 2.0592
157.4 2.1064
157.5 2.1016
157.6 2.1624
157.7 2.2216
157.8 2.0728
157.9 2.244
158 2.0808
158.1 2.1352
158.2 2.1464
158.3 2.0424
158.4 2.1592
158.5 2.0832
158.6 2.1912
158.7 1.9904
158.8 2.2712
158.9 2.1776
159 2.1656
159.1 2.168
159.2 2.0336
159.3 2.24
159.4 2.2144
159.5 2.0472
159.6 2.3384
159.7 2.2656
159.8 2.184
159.9 2.1808
160 2.0968
160.1 2.2568
160.2 2.1832
160.3 2.1128
160.4 2.1144
160.5 2.1664
160.6 2.2344
160.7 2.2232
160.8 2.2408
160.9 2.2424
161 2.1584
161.1 2.1672
161.2 2.2624
161.3 2.1048
161.4 2.0672
161.5 2.1512
161.6 2.1752
161.7 2.1336
161.8 2.1704
161.9 2.2336
162 2.1008
162.1 2.1304
162.2 2.2056
162.3 2.2488
162.4 2.248
162.5 2.2048
162.6 2.1184
162.7 2.1984
162.8 2.2056
162.9 2.224
163 2.2104
163.1 2.172
163.2 2.2168
163.3 2.22
163.4 2.1896
163.5 2.132
163.6 2.0816
163.7 2.0616
163.8 1.9848
163.9 2.2152
164 2.1456
164.1 2.2168
164.2 2.1688
164.3 2.268
164.4 2.1224
164.5 2.0328
164.6 2.264
164.7 2.0688
164.8 2.212
164.9 2.0272
165 2.0416
165.1 2.136
165.2 2.2232
165.3 2.1912
165.4 2.2448
165.5 2.188
165.6 2.036
165.7 2.1472
165.8 2.1256
165.9 2.1248
166 2.292
166.1 2.1048
166.2 2.2032
166.3 2.06
166.4 2.1288
166.5 2.2616
166.6 2.1072
166.7 2.3304
166.8 2.1344
166.9 2.1792
167 2.1168
167.1 2.0648
167.2 2.1352
167.3 2.2088
167.4 2.0184
167.5 2.1296
167.6 2.2208
167.7 2.1792
167.8 2.1288
167.9 2.2304
168 2.1736
168.1 2.1072
168.2 2.0904
168.3 2.0904
168.4 2.2272
168.5 2.056
168.6 2.156
168.7 2.2208
168.8 2.1544
168.9 2.0064
169 2.1336
169.1 2.0952
169.2 2.16
169.3 2.3128
169.4 2.1712
169.5 2.1608
169.6 2.1688
169.7 2.1432
169.8 2.1936
169.9 2.0488
170 2.1872
170.1 2.1224
170.2 2.1568
170.3 2.1832
170.4 2.1464
170.5 2.2432
170.6 2.124
170.7 2.312
170.8 2.1384
170.9 2.0312
171 2.148
171.1 2.1584
171.2 2.1224
171.3 2.0976
171.4 2.1064
171.5 2.128
171.6 2.0832
171.7 2.1408
171.8 2.0896
171.9 2.0648
172 2.3408
172.1 2.288
172.2 2.032
172.3 2.1632
172.4 2.0856
172.5 2.1976
172.6 2.1744
172.7 2.228
172.8 2.2712
172.9 2.0416
173 2.08
173.1 2.1232
173.2 2.1968
173.3 2.1088
173.4 2.0952
173.5 2.1056
173.6 2.1336
173.7 2.1024
173.8 2.1736
173.9 2.0608
174 2.2648
174.1 2.148
174.2 2.1744
174.3 2.2544
174.4 2.0784
174.5 2.1088
174.6 2.1856
174.7 2.076
174.8 2.2136
174.9 2.0904
175 2.1008
175.1 2.2056
175.2 2.1952
175.3 2.148
175.4 2.0456
175.5 2.2936
175.6 2.2096
175.7 2.1536
175.8 2.0992
175.9 2.2784
176 2.2248
176.1 2.1408
176.2 2.1584
176.3 2.2648
176.4 2.2736
176.5 2.1408
176.6 2.1392
176.7 2.2216
176.8 2.1688
176.9 2.3544
177 2.2216
177.1 2.156
177.2 2.1832
177.3 2.2784
177.4 2.1192
177.5 2.1656
177.6 2.2256
177.7 2.2144
177.8 2.1768
177.9 2.048
178 2.1184
178.1 2.1472
178.2 2.0416
178.3 2.1496
178.4 2.136
178.5 2.2208
178.6 2.1032
178.7 2.0472
178.8 2.1896
178.9 2.1
179 2.16
179.1 2.1904
179.2 2.1736
179.3 2.1328
179.4 2.2376
179.5 2.1752
179.6 2.1248
179.7 2.2792
179.8 2.14
179.9 2.2064
180 2.108
180.1 2.1616
180.2 2.1152
180.3 2.0944
180.4 2.1744
180.5 2.2272
180.6 2.2712
180.7 2.1704
180.8 2.108
180.9 2.2024
181 2.1072
181.1 2.192
181.2 2.0728
181.3 2.2136
181.4 2.2384
181.5 2.2512
181.6 2.2176
181.7 2.1288
181.8 2.1368
181.9 2.1
182 2.1264
182.1 2.1072
182.2 2.0648
182.3 2.1808
182.4 1.9784
182.5 2.2112
182.6 2.2224
182.7 2.216
182.8 2.0704
182.9 2.0752
183 2.16
183.1 2.264
183.2 2.124
183.3 2.1072
183.4 2.2064
183.5 2.1888
183.6 2.2336
183.7 2.1888
183.8 2.2808
183.9 2.104
184 2.0768
184.1 2.1736
184.2 2.2416
184.3 2.1832
184.4 2.072
184.5 2.2472
184.6 2.1144
184.7 2.1512
184.8 2.1088
184.9 2.1448
185 2.112
185.1 2.1456
185.2 2.2256
185.3 2.1584
185.4 2.1144
185.5 2.1768
185.6 2.1536
185.7 2.1824
185.8 2.0896
185.9 2.0496
186 2.1808
186.1 2.2224
186.2 2.276
186.3 2.0552
186.4 2.2464
186.5 2.1904
186.6 2.1536
186.7 2.0808
186.8 2.22
186.9 1.9712
187 2.2032
187.1 2.2136
187.2 2.14
187.3 2.2648
187.4 2.1704
187.5 2.228
187.6 2.176
187.7 2.1432
187.8 2.1848
187.9 2.2016
188 2.2064
188.1 2.1128
188.2 2.14
188.3 2.0608
188.4 2.2512
188.5 2.2432
188.6 2.0688
188.7 2.1776
188.8 2.048
188.9 2.092
189 2.1336
189.1 2.2288
189.2 2.1512
189.3 2.0896
189.4 2.224
189.5 2.1608
189.6 2.184
189.7 2.208
189.8 2.1544
189.9 2.3096
190 2.1064
190.1 2.1344
190.2 2.0728
190.3 2.416
190.4 2.216
190.5 2.2032
190.6 2.1456
190.7 2.1264
190.8 2.1096
190.9 2.0144
191 2.0888
191.1 2.0416
191.2 2.1968
191.3 2.1368
191.4 2.0752
191.5 2.1104
191.6 2.2
191.7 2.3248
191.8 2.2392
191.9 2.3136
192 2.0624
192.1 2.2384
192.2 2.2392
192.3 2.088
192.4 2.184
192.5 2.216
192.6 2.2088
192.7 2.2184
192.8 1.9968
192.9 2.2016
193 2.1024
193.1 2.2024
193.2 2.2656
193.3 2.0936
193.4 2.2712
193.5 2.2168
193.6 2.1552
193.7 2.268
193.8 2.1504
193.9 2.2536
194 2.1152
194.1 2.0672
194.2 2.0544
194.3 2.156
194.4 2.2152
194.5 2.2672
194.6 2.1176
194.7 2.2504
194.8 2.1656
194.9 2.16
195 2.2368
195.1 2.1184
195.2 2.1848
195.3 2.1616
195.4 2.2112
195.5 2.2504
195.6 2.0824
195.7 2.272
195.8 2.212
195.9 2.14
196 2.0816
196.1 2.2496
196.2 2.1336
196.3 2.1264
196.4 2.3392
196.5 2.0888
196.6 2.1416
196.7 2.204
196.8 2.112
196.9 1.9896
197 2.2752
197.1 2.112
197.2 2.1424
197.3 2.2136
197.4 2.1624
197.5 2.192
197.6 2.192
197.7 2.1472
197.8 2.3424
197.9 2.0464
198 2.2704
198.1 2.2296
198.2 2.2552
198.3 2.0664
198.4 1.9584
198.5 2.2008
198.6 2.1592
198.7 2.3216
198.8 2.0176
198.9 2.144
199 2.2192
199.1 2.0728
199.2 2.1168
199.3 2.1816
199.4 2.1888
199.5 2.104
199.6 2.1144
199.7 2.124
199.8 1.92
199.9 1.9872
200 0.9776
